#protoplanetary disk
1.743424e-10	1.746627e+03
2.440441e-05	1.743984e+03
4.831361e-05	1.735319e+03
7.187574e-05	1.733472e+03
9.482386e-05	1.723472e+03
1.172126e-04	1.711557e+03
1.389024e-04	1.695094e+03
1.598840e-04	1.675654e+03
1.801048e-04	1.653235e+03
1.995676e-04	1.628744e+03
2.182818e-04	1.602825e+03
2.362870e-04	1.576299e+03
2.536155e-04	1.549624e+03
2.703169e-04	1.523315e+03
2.864394e-04	1.497725e+03
3.020428e-04	1.473227e+03
3.171620e-04	1.449873e+03
3.318216e-04	1.427616e+03
3.456593e-04	1.403278e+03
3.583593e-04	1.374720e+03
3.695552e-04	1.339907e+03
3.796271e-04	1.302397e+03
3.899444e-04	1.271508e+03
4.008680e-04	1.248525e+03
4.122014e-04	1.231227e+03
4.238682e-04	1.218469e+03
4.357572e-04	1.209111e+03
4.477943e-04	1.202386e+03
4.599103e-04	1.197665e+03
4.720513e-04	1.194477e+03
4.841717e-04	1.192455e+03
4.962358e-04	1.191321e+03
5.082155e-04	1.190863e+03
5.200863e-04	1.190909e+03
5.318315e-04	1.191340e+03
5.434357e-04	1.192052e+03
5.548885e-04	1.192974e+03
5.661813e-04	1.194047e+03
5.773085e-04	1.195230e+03
5.882647e-04	1.196487e+03
5.990468e-04	1.197794e+03
6.096526e-04	1.199131e+03
6.200807e-04	1.200482e+03
6.303303e-04	1.201837e+03
6.404012e-04	1.203187e+03
6.502936e-04	1.204527e+03
6.600082e-04	1.205850e+03
6.695457e-04	1.207154e+03
6.789071e-04	1.208437e+03
6.880938e-04	1.209696e+03
6.971069e-04	1.210931e+03
7.059480e-04	1.212140e+03
7.146185e-04	1.213323e+03
7.231200e-04	1.214481e+03
7.314542e-04	1.215612e+03
7.396226e-04	1.216718e+03
7.476269e-04	1.217798e+03
7.554689e-04	1.218852e+03
7.631503e-04	1.219882e+03
7.706726e-04	1.220887e+03
7.780378e-04	1.221868e+03
7.852474e-04	1.222826e+03
7.923032e-04	1.223760e+03
7.992069e-04	1.224671e+03
8.059603e-04	1.225560e+03
8.125650e-04	1.226428e+03
8.190227e-04	1.227274e+03
8.253355e-04	1.228100e+03
8.315048e-04	1.228906e+03
8.375325e-04	1.229693e+03
8.434202e-04	1.230460e+03
8.491695e-04	1.231209e+03
8.547819e-04	1.231940e+03
8.602593e-04	1.232653e+03
8.656031e-04	1.233348e+03
8.708150e-04	1.234026e+03
8.758966e-04	1.234687e+03
8.808494e-04	1.235332e+03
8.856751e-04	1.235961e+03
8.903752e-04	1.236573e+03
8.949512e-04	1.237171e+03
8.994048e-04	1.237753e+03
9.037374e-04	1.238320e+03
9.079504e-04	1.238872e+03
9.120455e-04	1.239410e+03
9.160241e-04	1.239935e+03
9.198878e-04	1.240445e+03
9.236379e-04	1.240942e+03
9.272759e-04	1.241426e+03
9.308033e-04	1.241897e+03
9.342215e-04	1.242355e+03
9.375319e-04	1.242801e+03
9.407359e-04	1.243235e+03
9.438348e-04	1.243656e+03
9.468302e-04	1.244066e+03
9.497232e-04	1.244464e+03
9.525153e-04	1.244851e+03
9.552078e-04	1.245227e+03
9.578020e-04	1.245592e+03
9.602993e-04	1.245946e+03
9.627009e-04	1.246290e+03
9.650049e-04	1.246615e+03
9.672176e-04	1.246935e+03
9.693380e-04	1.247243e+03
9.713682e-04	1.247543e+03
9.733091e-04	1.247833e+03
9.751619e-04	1.248114e+03
9.769278e-04	1.248386e+03
9.786080e-04	1.248648e+03
9.802037e-04	1.248901e+03
9.817160e-04	1.249146e+03
9.831460e-04	1.249382e+03
9.844950e-04	1.249609e+03
9.857640e-04	1.249828e+03
9.869543e-04	1.250038e+03
9.880667e-04	1.250240e+03
9.891026e-04	1.250434e+03
9.900630e-04	1.250620e+03
9.909489e-04	1.250798e+03
9.917615e-04	1.250968e+03
9.925017e-04	1.251130e+03
9.931707e-04	1.251285e+03
9.937694e-04	1.251433e+03
9.942990e-04	1.251573e+03
9.947603e-04	1.251706e+03
9.951545e-04	1.251831e+03
9.954825e-04	1.251950e+03
9.957453e-04	1.252062e+03
9.959438e-04	1.252167e+03
9.960791e-04	1.252265e+03
9.961521e-04	1.252356e+03
9.961637e-04	1.252441e+03
9.961148e-04	1.252520e+03
9.960064e-04	1.252592e+03
9.958394e-04	1.252658e+03
9.956147e-04	1.252718e+03
9.953332e-04	1.252771e+03
9.949957e-04	1.252819e+03
9.946031e-04	1.252861e+03
9.941564e-04	1.252897e+03
9.936563e-04	1.252927e+03
9.931037e-04	1.252951e+03
9.924994e-04	1.252970e+03
9.918442e-04	1.252983e+03
9.911390e-04	1.252990e+03
9.903846e-04	1.252993e+03
9.895817e-04	1.252989e+03
9.887314e-04	1.252981e+03
9.878342e-04	1.252968e+03
9.868910e-04	1.252950e+03
9.859026e-04	1.252928e+03
9.848696e-04	1.252900e+03
9.837928e-04	1.252867e+03
9.826729e-04	1.252830e+03
9.815107e-04	1.252788e+03
9.803068e-04	1.252741e+03
9.790620e-04	1.252689e+03
9.777770e-04	1.252633e+03
9.764524e-04	1.252572e+03
9.750889e-04	1.252507e+03
9.736873e-04	1.252437e+03
9.722481e-04	1.252363e+03
9.707721e-04	1.252284e+03
9.692599e-04	1.252201e+03
9.677122e-04	1.252114e+03
9.661295e-04	1.252023e+03
9.645126e-04	1.251928e+03
9.628619e-04	1.251828e+03
9.611783e-04	1.251724e+03
9.594622e-04	1.251617e+03
9.577143e-04	1.251505e+03
9.559351e-04	1.251389e+03
9.541253e-04	1.251270e+03
9.522855e-04	1.251147e+03
9.504161e-04	1.251020e+03
9.485178e-04	1.250889e+03
9.465911e-04	1.250754e+03
9.446367e-04	1.250616e+03
9.426549e-04	1.250474e+03
9.406464e-04	1.250329e+03
9.386117e-04	1.250179e+03
9.365514e-04	1.250027e+03
9.344659e-04	1.249871e+03
9.323558e-04	1.249711e+03
9.302215e-04	1.249549e+03
9.280636e-04	1.249382e+03
9.258826e-04	1.249213e+03
9.236790e-04	1.249040e+03
9.214531e-04	1.248864e+03
9.192056e-04	1.248685e+03
9.169369e-04	1.248502e+03
9.146475e-04	1.248317e+03
9.123377e-04	1.248128e+03
9.100081e-04	1.247936e+03
9.076591e-04	1.247741e+03
9.052912e-04	1.247543e+03
9.029048e-04	1.247342e+03
9.005003e-04	1.247138e+03
8.980781e-04	1.246931e+03
8.956387e-04	1.246722e+03
8.931825e-04	1.246509e+03
8.907098e-04	1.246294e+03
8.882212e-04	1.246075e+03
8.857170e-04	1.245854e+03
8.831975e-04	1.245631e+03
8.806632e-04	1.245404e+03
8.781145e-04	1.245175e+03
8.755517e-04	1.244943e+03
8.729752e-04	1.244708e+03
8.703854e-04	1.244471e+03
8.677826e-04	1.244232e+03
8.651672e-04	1.243989e+03
8.625396e-04	1.243744e+03
8.599001e-04	1.243497e+03
8.572491e-04	1.243247e+03
8.545868e-04	1.242995e+03
8.519136e-04	1.242740e+03
8.492299e-04	1.242483e+03
8.465360e-04	1.242223e+03
8.438322e-04	1.241961e+03
8.411188e-04	1.241697e+03
8.383962e-04	1.241430e+03
8.356646e-04	1.241161e+03
8.329243e-04	1.240889e+03
8.301757e-04	1.240616e+03
8.274191e-04	1.240340e+03
8.246547e-04	1.240062e+03
8.218828e-04	1.239782e+03
8.191037e-04	1.239499e+03
8.163178e-04	1.239215e+03
8.135252e-04	1.238928e+03
8.107262e-04	1.238639e+03
8.079212e-04	1.238348e+03
8.051104e-04	1.238055e+03
8.022940e-04	1.237760e+03
7.994723e-04	1.237463e+03
7.966455e-04	1.237163e+03
7.938140e-04	1.236862e+03
7.909779e-04	1.236559e+03
7.881375e-04	1.236254e+03
7.852931e-04	1.235947e+03
7.824448e-04	1.235637e+03
7.795929e-04	1.235326e+03
7.767377e-04	1.235014e+03
7.738793e-04	1.234699e+03
7.710180e-04	1.234382e+03
7.681541e-04	1.234063e+03
7.652876e-04	1.233743e+03
7.624189e-04	1.233421e+03
7.595482e-04	1.233097e+03
7.566756e-04	1.232771e+03
7.538014e-04	1.232444e+03
7.509257e-04	1.232114e+03
7.480488e-04	1.231783e+03
7.451708e-04	1.231451e+03
7.422920e-04	1.231116e+03
7.394125e-04	1.230780e+03
7.365326e-04	1.230442e+03
7.336523e-04	1.230103e+03
7.307720e-04	1.229762e+03
7.278917e-04	1.229419e+03
7.250117e-04	1.229074e+03
7.221320e-04	1.228728e+03
7.192530e-04	1.228381e+03
7.163747e-04	1.228031e+03
7.134973e-04	1.227681e+03
7.106210e-04	1.227328e+03
7.077459e-04	1.226974e+03
7.048723e-04	1.226619e+03
7.020001e-04	1.226262e+03
6.991297e-04	1.225904e+03
6.962611e-04	1.225544e+03
6.933946e-04	1.225182e+03
6.905301e-04	1.224819e+03
6.876680e-04	1.224455e+03
6.848082e-04	1.224089e+03
6.819510e-04	1.223722e+03
6.790966e-04	1.223354e+03
6.762449e-04	1.222984e+03
6.733962e-04	1.222612e+03
6.705506e-04	1.222239e+03
6.677082e-04	1.221865e+03
6.648692e-04	1.221490e+03
6.620336e-04	1.221113e+03
6.592016e-04	1.220735e+03
6.563733e-04	1.220355e+03
6.535488e-04	1.219975e+03
6.507282e-04	1.219592e+03
6.479116e-04	1.219209e+03
6.450993e-04	1.218824e+03
6.422911e-04	1.218438e+03
6.394874e-04	1.218051e+03
6.366881e-04	1.217663e+03
6.338934e-04	1.217273e+03
6.311033e-04	1.216882e+03
6.283180e-04	1.216490e+03
6.255376e-04	1.216097e+03
6.227621e-04	1.215702e+03
6.199917e-04	1.215306e+03
6.172264e-04	1.214909e+03
6.144664e-04	1.214511e+03
6.117117e-04	1.214112e+03
6.089624e-04	1.213711e+03
6.062186e-04	1.213310e+03
6.034803e-04	1.212907e+03
6.007477e-04	1.212504e+03
5.980209e-04	1.212099e+03
5.952998e-04	1.211693e+03
5.925847e-04	1.211285e+03
5.898755e-04	1.210877e+03
5.871724e-04	1.210468e+03
5.844754e-04	1.210058e+03
5.817845e-04	1.209646e+03
5.790999e-04	1.209234e+03
5.764216e-04	1.208820e+03
5.737497e-04	1.208406e+03
5.710842e-04	1.207990e+03
5.684253e-04	1.207573e+03
5.657729e-04	1.207156e+03
5.631272e-04	1.206737e+03
5.604881e-04	1.206318e+03
5.578558e-04	1.205897e+03
5.552303e-04	1.205476e+03
5.526117e-04	1.205053e+03
5.500000e-04	1.204630e+03
5.473952e-04	1.204205e+03
5.447975e-04	1.203780e+03
5.422069e-04	1.203353e+03
5.396233e-04	1.202926e+03
5.370470e-04	1.202498e+03
5.344778e-04	1.202069e+03
5.319159e-04	1.201639e+03
5.293613e-04	1.201208e+03
5.268140e-04	1.200776e+03
5.242741e-04	1.200343e+03
5.217417e-04	1.199910e+03
5.192167e-04	1.199475e+03
5.166993e-04	1.199040e+03
5.141893e-04	1.198604e+03
5.116870e-04	1.198167e+03
5.091923e-04	1.197729e+03
5.067052e-04	1.197290e+03
5.042258e-04	1.196850e+03
5.017541e-04	1.196410e+03
4.992902e-04	1.195969e+03
4.968341e-04	1.195527e+03
4.943857e-04	1.195084e+03
4.919452e-04	1.194640e+03
4.895126e-04	1.194196e+03
4.870878e-04	1.193750e+03
4.846710e-04	1.193304e+03
4.822621e-04	1.192858e+03
4.798612e-04	1.192410e+03
4.774683e-04	1.191962e+03
4.750834e-04	1.191513e+03
4.727065e-04	1.191063e+03
4.703377e-04	1.190612e+03
4.679769e-04	1.190161e+03
4.656243e-04	1.189709e+03
4.632797e-04	1.189256e+03
4.609433e-04	1.188803e+03
4.586151e-04	1.188348e+03
4.562950e-04	1.187893e+03
4.539831e-04	1.187438e+03
4.516793e-04	1.186981e+03
4.493838e-04	1.186524e+03
4.470965e-04	1.186066e+03
4.448175e-04	1.185608e+03
4.425466e-04	1.185149e+03
4.402841e-04	1.184689e+03
4.380297e-04	1.184229e+03
4.357837e-04	1.183768e+03
4.335460e-04	1.183306e+03
4.313165e-04	1.182843e+03
4.290954e-04	1.182380e+03
4.268825e-04	1.181917e+03
4.246780e-04	1.181453e+03
4.224818e-04	1.180987e+03
4.202939e-04	1.180522e+03
4.181143e-04	1.180056e+03
4.159431e-04	1.179589e+03
4.137802e-04	1.179121e+03
4.116257e-04	1.178653e+03
4.094795e-04	1.178185e+03
4.073416e-04	1.177716e+03
4.052121e-04	1.177246e+03
4.030909e-04	1.176775e+03
4.009781e-04	1.176304e+03
3.988736e-04	1.175833e+03
3.967775e-04	1.175361e+03
3.946897e-04	1.174888e+03
3.926102e-04	1.174415e+03
3.905391e-04	1.173941e+03
3.884763e-04	1.173466e+03
3.864219e-04	1.172991e+03
3.843758e-04	1.172516e+03
3.823380e-04	1.172040e+03
3.803085e-04	1.171563e+03
3.782874e-04	1.171086e+03
3.762745e-04	1.170608e+03
3.742700e-04	1.170130e+03
3.722738e-04	1.169651e+03
3.702858e-04	1.169172e+03
3.683062e-04	1.168693e+03
3.663348e-04	1.168212e+03
3.643716e-04	1.167732e+03
3.624168e-04	1.167250e+03
3.604702e-04	1.166769e+03
3.585318e-04	1.166286e+03
3.566017e-04	1.165804e+03
3.546798e-04	1.165321e+03
3.527661e-04	1.164837e+03
3.508606e-04	1.164353e+03
3.489633e-04	1.163868e+03
3.470742e-04	1.163383e+03
3.451932e-04	1.162898e+03
3.433205e-04	1.162412e+03
3.414558e-04	1.161925e+03
3.395993e-04	1.161438e+03
3.377509e-04	1.160951e+03
3.359106e-04	1.160463e+03
3.340784e-04	1.159975e+03
3.322543e-04	1.159486e+03
3.304383e-04	1.158997e+03
3.286303e-04	1.158507e+03
3.268303e-04	1.158017e+03
3.250384e-04	1.157527e+03
3.232544e-04	1.157036e+03
3.214785e-04	1.156545e+03
3.197105e-04	1.156053e+03
3.179506e-04	1.155561e+03
3.161985e-04	1.155069e+03
3.144544e-04	1.154576e+03
3.127181e-04	1.154083e+03
3.109898e-04	1.153589e+03
3.092694e-04	1.153095e+03
3.075568e-04	1.152601e+03
3.058521e-04	1.152106e+03
3.041552e-04	1.151611e+03
3.024661e-04	1.151115e+03
3.007848e-04	1.150619e+03
2.991112e-04	1.150123e+03
2.974455e-04	1.149626e+03
2.957874e-04	1.149129e+03
2.941371e-04	1.148632e+03
2.924945e-04	1.148134e+03
2.908595e-04	1.147636e+03
2.892323e-04	1.147138e+03
2.876126e-04	1.146639e+03
2.860006e-04	1.146140e+03
2.843961e-04	1.145641e+03
2.827993e-04	1.145141e+03
2.812100e-04	1.144641e+03
2.796283e-04	1.144140e+03
2.780540e-04	1.143639e+03
2.764873e-04	1.143138e+03
2.749280e-04	1.142637e+03
2.733762e-04	1.142135e+03
2.718319e-04	1.141633e+03
2.702949e-04	1.141131e+03
2.687654e-04	1.140628e+03
2.672432e-04	1.140125e+03
2.657284e-04	1.139622e+03
2.642209e-04	1.139118e+03
2.627207e-04	1.138614e+03
2.612277e-04	1.138110e+03
2.597421e-04	1.137605e+03
2.582637e-04	1.137100e+03
2.567925e-04	1.136595e+03
2.553285e-04	1.136090e+03
2.538717e-04	1.135584e+03
2.524220e-04	1.135078e+03
2.509795e-04	1.134572e+03
2.495440e-04	1.134065e+03
2.481157e-04	1.133558e+03
2.466944e-04	1.133051e+03
2.452802e-04	1.132544e+03
2.438729e-04	1.132036e+03
2.424727e-04	1.131528e+03
2.410794e-04	1.131020e+03
2.396931e-04	1.130511e+03
2.383137e-04	1.130002e+03
2.369412e-04	1.129493e+03
2.355756e-04	1.128984e+03
2.342168e-04	1.128475e+03
2.328649e-04	1.127965e+03
2.315197e-04	1.127455e+03
2.301814e-04	1.126944e+03
2.288498e-04	1.126434e+03
2.275249e-04	1.125923e+03
2.262068e-04	1.125412e+03
2.248953e-04	1.124900e+03
2.235905e-04	1.124389e+03
2.222923e-04	1.123877e+03
2.210008e-04	1.123365e+03
2.197158e-04	1.122853e+03
2.184375e-04	1.122340e+03
2.171656e-04	1.121828e+03
2.159003e-04	1.121315e+03
2.146415e-04	1.120802e+03
2.133891e-04	1.120288e+03
2.121432e-04	1.119775e+03
2.109037e-04	1.119261e+03
2.096707e-04	1.118747e+03
2.084440e-04	1.118233e+03
2.072236e-04	1.117718e+03
2.060096e-04	1.117204e+03
2.048019e-04	1.116689e+03
2.036004e-04	1.116174e+03
2.024052e-04	1.115658e+03
2.012163e-04	1.115143e+03
2.000335e-04	1.114627e+03
1.988570e-04	1.114111e+03
1.976866e-04	1.113595e+03
1.965223e-04	1.113079e+03
1.953641e-04	1.112562e+03
1.942120e-04	1.112046e+03
1.930660e-04	1.111529e+03
1.919260e-04	1.111012e+03
1.907921e-04	1.110495e+03
1.896641e-04	1.109977e+03
1.885421e-04	1.109460e+03
1.874260e-04	1.108942e+03
1.863158e-04	1.108424e+03
1.852116e-04	1.107906e+03
1.841131e-04	1.107388e+03
1.830206e-04	1.106869e+03
1.819338e-04	1.106350e+03
1.808529e-04	1.105832e+03
1.797777e-04	1.105312e+03
1.787083e-04	1.104793e+03
1.776446e-04	1.104274e+03
1.765866e-04	1.103755e+03
1.755343e-04	1.103235e+03
1.744876e-04	1.102715e+03
1.734466e-04	1.102195e+03
1.724111e-04	1.101675e+03
1.713812e-04	1.101155e+03
1.703569e-04	1.100634e+03
1.693381e-04	1.100113e+03
1.683249e-04	1.099593e+03
1.673171e-04	1.099072e+03
1.663147e-04	1.098551e+03
1.653178e-04	1.098029e+03
1.643264e-04	1.097508e+03
1.633403e-04	1.096986e+03
1.623595e-04	1.096465e+03
1.613842e-04	1.095943e+03
1.604141e-04	1.095420e+03
1.594493e-04	1.094898e+03
1.584898e-04	1.094376e+03
1.575356e-04	1.093854e+03
1.565866e-04	1.093331e+03
1.556427e-04	1.092808e+03
1.547041e-04	1.092285e+03
1.537706e-04	1.091762e+03
1.528422e-04	1.091239e+03
1.519190e-04	1.090716e+03
1.510008e-04	1.090192e+03
1.500877e-04	1.089668e+03
1.491797e-04	1.089145e+03
1.482766e-04	1.088621e+03
1.473786e-04	1.088097e+03
1.464855e-04	1.087572e+03
1.455973e-04	1.087048e+03
1.447141e-04	1.086524e+03
1.438358e-04	1.085999e+03
1.429624e-04	1.085474e+03
1.420938e-04	1.084949e+03
1.412301e-04	1.084424e+03
1.403712e-04	1.083899e+03
1.395170e-04	1.083374e+03
1.386677e-04	1.082848e+03
1.378230e-04	1.082323e+03
1.369831e-04	1.081797e+03
1.361480e-04	1.081271e+03
1.353174e-04	1.080745e+03
1.344916e-04	1.080219e+03
1.336703e-04	1.079692e+03
1.328537e-04	1.079166e+03
1.320417e-04	1.078639e+03
1.312342e-04	1.078112e+03
1.304313e-04	1.077585e+03
1.296329e-04	1.077059e+03
1.288390e-04	1.076531e+03
1.280496e-04	1.076004e+03
1.272647e-04	1.075476e+03
1.264842e-04	1.074949e+03
1.257081e-04	1.074421e+03
1.249364e-04	1.073893e+03
1.241691e-04	1.073365e+03
1.234061e-04	1.072837e+03
1.226475e-04	1.072308e+03
1.218931e-04	1.071780e+03
1.211431e-04	1.071251e+03
1.203973e-04	1.070722e+03
1.196558e-04	1.070193e+03
1.189185e-04	1.069664e+03
1.181854e-04	1.069134e+03
1.174565e-04	1.068605e+03
1.167317e-04	1.068075e+03
1.160111e-04	1.067545e+03
1.152947e-04	1.067015e+03
1.145823e-04	1.066485e+03
1.138740e-04	1.065954e+03
1.131697e-04	1.065423e+03
1.124695e-04	1.064892e+03
1.117734e-04	1.064361e+03
1.110812e-04	1.063830e+03
1.103930e-04	1.063299e+03
1.097087e-04	1.062767e+03
1.090285e-04	1.062235e+03
1.083521e-04	1.061703e+03
1.076796e-04	1.061171e+03
1.070110e-04	1.060639e+03
1.063462e-04	1.060106e+03
1.056853e-04	1.059573e+03
1.050283e-04	1.059040e+03
1.043750e-04	1.058506e+03
1.037255e-04	1.057973e+03
1.030798e-04	1.057439e+03
1.024378e-04	1.056905e+03
1.017995e-04	1.056370e+03
1.011650e-04	1.055836e+03
1.005341e-04	1.055301e+03
9.990688e-05	1.054766e+03
9.928331e-05	1.054230e+03
9.866338e-05	1.053695e+03
9.804706e-05	1.053159e+03
9.743432e-05	1.052622e+03
9.682516e-05	1.052086e+03
9.621955e-05	1.051549e+03
9.561747e-05	1.051011e+03
9.501891e-05	1.050474e+03
9.442385e-05	1.049936e+03
9.383227e-05	1.049397e+03
9.324414e-05	1.048859e+03
9.265946e-05	1.048320e+03
9.207820e-05	1.047780e+03
9.150035e-05	1.047241e+03
9.092588e-05	1.046700e+03
9.035478e-05	1.046160e+03
8.978704e-05	1.045619e+03
8.922262e-05	1.045077e+03
8.866153e-05	1.044535e+03
8.810373e-05	1.043993e+03
8.754920e-05	1.043450e+03
8.699795e-05	1.042907e+03
8.644993e-05	1.042363e+03
8.590514e-05	1.041818e+03
8.536357e-05	1.041274e+03
8.482518e-05	1.040728e+03
8.428997e-05	1.040182e+03
8.375791e-05	1.039636e+03
8.322899e-05	1.039088e+03
8.270320e-05	1.038541e+03
8.218051e-05	1.037992e+03
8.166091e-05	1.037443e+03
8.114438e-05	1.036893e+03
8.063090e-05	1.036343e+03
8.012046e-05	1.035792e+03
7.961304e-05	1.035240e+03
7.910863e-05	1.034687e+03
7.860720e-05	1.034134e+03
7.810874e-05	1.033580e+03
7.761323e-05	1.033024e+03
7.712066e-05	1.032468e+03
7.663101e-05	1.031912e+03
7.614426e-05	1.031354e+03
7.566040e-05	1.030795e+03
7.517941e-05	1.030235e+03
7.470127e-05	1.029675e+03
7.422597e-05	1.029113e+03
7.375349e-05	1.028550e+03
7.328381e-05	1.027986e+03
7.281693e-05	1.027421e+03
7.235281e-05	1.026854e+03
7.189145e-05	1.026287e+03
7.143283e-05	1.025718e+03
7.097694e-05	1.025147e+03
7.052375e-05	1.024576e+03
7.007325e-05	1.024002e+03
6.962543e-05	1.023428e+03
6.918026e-05	1.022851e+03
6.873774e-05	1.022274e+03
6.829785e-05	1.021694e+03
6.786057e-05	1.021113e+03
6.742588e-05	1.020530e+03
6.699377e-05	1.019945e+03
6.656422e-05	1.019358e+03
6.613722e-05	1.018769e+03
6.571275e-05	1.018178e+03
6.529080e-05	1.017584e+03
6.487134e-05	1.016989e+03
6.445436e-05	1.016391e+03
6.403986e-05	1.015790e+03
6.362780e-05	1.015187e+03
6.321817e-05	1.014581e+03
6.281097e-05	1.013972e+03
6.240616e-05	1.013361e+03
6.200374e-05	1.012746e+03
6.160369e-05	1.012128e+03
6.120599e-05	1.011507e+03
6.081062e-05	1.010882e+03
6.041757e-05	1.010254e+03
6.002683e-05	1.009622e+03
5.963837e-05	1.008985e+03
5.925217e-05	1.008345e+03
5.886823e-05	1.007700e+03
5.848654e-05	1.007051e+03
5.810706e-05	1.006397e+03
5.772977e-05	1.005738e+03
5.735466e-05	1.005073e+03
5.698171e-05	1.004403e+03
5.661090e-05	1.003727e+03
5.624220e-05	1.003044e+03
5.587561e-05	1.002355e+03
5.551109e-05	1.001659e+03
5.514864e-05	1.000955e+03
5.478822e-05	1.000243e+03
5.442982e-05	9.995231e+02
5.407341e-05	9.987942e+02
5.371897e-05	9.980557e+02
5.336648e-05	9.973073e+02
5.301590e-05	9.965481e+02
5.266722e-05	9.957775e+02
5.232040e-05	9.949947e+02
5.197541e-05	9.941988e+02
5.163223e-05	9.933889e+02
5.129081e-05	9.925638e+02
5.095113e-05	9.917226e+02
5.061315e-05	9.908639e+02
5.027682e-05	9.899862e+02
4.994210e-05	9.890881e+02
4.960895e-05	9.881678e+02
4.927731e-05	9.872234e+02
4.894713e-05	9.862527e+02
4.861835e-05	9.852533e+02
4.829090e-05	9.842226e+02
4.796471e-05	9.831574e+02
4.763969e-05	9.820545e+02
4.731577e-05	9.809100e+02
4.699284e-05	9.797198e+02
4.667079e-05	9.784791e+02
4.634952e-05	9.771828e+02
4.602890e-05	9.758252e+02
4.570880e-05	9.744002e+02
4.538907e-05	9.729013e+02
4.506958e-05	9.713219e+02
4.475019e-05	9.696552e+02
4.443078e-05	9.678949e+02
4.411125e-05	9.660356e+02
4.379151e-05	9.640730e+02
4.347155e-05	9.620050e+02
4.315135e-05	9.598300e+02
4.283100e-05	9.575512e+02
4.251066e-05	9.551740e+02
4.219043e-05	9.527028e+02
4.187054e-05	9.501470e+02
4.155122e-05	9.475163e+02
4.123265e-05	9.448188e+02
4.091507e-05	9.420655e+02
4.059866e-05	9.392636e+02
4.028361e-05	9.364230e+02
3.997008e-05	9.335502e+02
3.965822e-05	9.306534e+02
3.934813e-05	9.277373e+02
3.903992e-05	9.248073e+02
3.873366e-05	9.218674e+02
3.842941e-05	9.189207e+02
3.812722e-05	9.159707e+02
3.782712e-05	9.130195e+02
3.752915e-05	9.100691e+02
3.723333e-05	9.071212e+02
3.693966e-05	9.041769e+02
3.664815e-05	9.012373e+02
3.635880e-05	8.983031e+02
3.607161e-05	8.953751e+02
3.578657e-05	8.924536e+02
3.550368e-05	8.895392e+02
3.522294e-05	8.866321e+02
3.494432e-05	8.837326e+02
3.466782e-05	8.808408e+02
3.439342e-05	8.779570e+02
3.412111e-05	8.750811e+02
3.385089e-05	8.722132e+02
3.358273e-05	8.693535e+02
3.331662e-05	8.665020e+02
3.305255e-05	8.636588e+02
3.279050e-05	8.608238e+02
3.253046e-05	8.579971e+02
3.227242e-05	8.551786e+02
3.201636e-05	8.523685e+02
3.176227e-05	8.495667e+02
3.151013e-05	8.467731e+02
3.125993e-05	8.439878e+02
3.101165e-05	8.412107e+02
3.076528e-05	8.384419e+02
3.052081e-05	8.356812e+02
3.027822e-05	8.329288e+02
3.003750e-05	8.301846e+02
2.979864e-05	8.274485e+02
2.956162e-05	8.247206e+02
2.932642e-05	8.220009e+02
2.909305e-05	8.192892e+02
2.886147e-05	8.165856e+02
2.863168e-05	8.138902e+02
2.840366e-05	8.112028e+02
2.817740e-05	8.085234e+02
2.795290e-05	8.058521e+02
2.773013e-05	8.031888e+02
2.750908e-05	8.005335e+02
2.728974e-05	7.978862e+02
2.707210e-05	7.952468e+02
2.685615e-05	7.926154e+02
2.664187e-05	7.899919e+02
2.642924e-05	7.873763e+02
2.621827e-05	7.847686e+02
2.600893e-05	7.821687e+02
2.580121e-05	7.795767e+02
2.559511e-05	7.769926e+02
2.539060e-05	7.744162e+02
2.518768e-05	7.718477e+02
2.498634e-05	7.692869e+02
2.478656e-05	7.667339e+02
2.458834e-05	7.641886e+02
2.439165e-05	7.616511e+02
2.419649e-05	7.591212e+02
2.400286e-05	7.565991e+02
2.381072e-05	7.540846e+02
2.362009e-05	7.515778e+02
2.343093e-05	7.490786e+02
2.324325e-05	7.465870e+02
2.305703e-05	7.441031e+02
2.287227e-05	7.416267e+02
2.268894e-05	7.391579e+02
2.250704e-05	7.366966e+02
2.232656e-05	7.342428e+02
2.214749e-05	7.317966e+02
2.196982e-05	7.293579e+02
2.179353e-05	7.269266e+02
2.161862e-05	7.245028e+02
2.144508e-05	7.220864e+02
2.127289e-05	7.196774e+02
2.110205e-05	7.172759e+02
2.093255e-05	7.148817e+02
2.076437e-05	7.124949e+02
2.059750e-05	7.101155e+02
2.043194e-05	7.077433e+02
2.026768e-05	7.053785e+02
2.010471e-05	7.030210e+02
1.994301e-05	7.006708e+02
1.978258e-05	6.983278e+02
1.962340e-05	6.959921e+02
1.946547e-05	6.936636e+02
1.930878e-05	6.913423e+02
1.915333e-05	6.890281e+02
1.899909e-05	6.867212e+02
1.884606e-05	6.844214e+02
1.869423e-05	6.821288e+02
1.854359e-05	6.798433e+02
1.839414e-05	6.775648e+02
1.824587e-05	6.752935e+02
1.809875e-05	6.730292e+02
1.795280e-05	6.707720e+02
1.780799e-05	6.685218e+02
1.766432e-05	6.662786e+02
1.752179e-05	6.640425e+02
1.738037e-05	6.618133e+02
1.724007e-05	6.595910e+02
1.710087e-05	6.573757e+02
1.696277e-05	6.551674e+02
1.682576e-05	6.529659e+02
1.668983e-05	6.507713e+02
1.655497e-05	6.485836e+02
1.642117e-05	6.464028e+02
1.628843e-05	6.442288e+02
1.615674e-05	6.420616e+02
1.602609e-05	6.399013e+02
1.589646e-05	6.377477e+02
1.576786e-05	6.356009e+02
1.564028e-05	6.334608e+02
1.551371e-05	6.313275e+02
1.538813e-05	6.292009e+02
1.526355e-05	6.270810e+02
1.513996e-05	6.249678e+02
1.501734e-05	6.228613e+02
1.489569e-05	6.207614e+02
1.477501e-05	6.186681e+02
1.465528e-05	6.165815e+02
1.453650e-05	6.145014e+02
1.441866e-05	6.124280e+02
1.430175e-05	6.103611e+02
1.418577e-05	6.083008e+02
1.407071e-05	6.062470e+02
1.395656e-05	6.041997e+02
1.384332e-05	6.021589e+02
1.373097e-05	6.001246e+02
1.361952e-05	5.980967e+02
1.350895e-05	5.960753e+02
1.339926e-05	5.940603e+02
1.329044e-05	5.920518e+02
1.318249e-05	5.900496e+02
1.307539e-05	5.880538e+02
1.296914e-05	5.860644e+02
1.286374e-05	5.840814e+02
1.275918e-05	5.821046e+02
1.265545e-05	5.801342e+02
1.255254e-05	5.781701e+02
1.245045e-05	5.762122e+02
1.234918e-05	5.742607e+02
1.224871e-05	5.723153e+02
1.214904e-05	5.703762e+02
1.205017e-05	5.684433e+02
1.195208e-05	5.665166e+02
1.185478e-05	5.645961e+02
1.175825e-05	5.626818e+02
1.166249e-05	5.607736e+02
1.156749e-05	5.588715e+02
1.147325e-05	5.569756e+02
1.137977e-05	5.550858e+02
1.128703e-05	5.532020e+02
1.119503e-05	5.513243e+02
1.110376e-05	5.494527e+02
1.101323e-05	5.475871e+02
1.092342e-05	5.457275e+02
1.083432e-05	5.438739e+02
1.074594e-05	5.420263e+02
1.065826e-05	5.401847e+02
1.057129e-05	5.383490e+02
1.048501e-05	5.365193e+02
1.039942e-05	5.346955e+02
1.031451e-05	5.328776e+02
1.023029e-05	5.310656e+02
1.014674e-05	5.292594e+02
1.006386e-05	5.274591e+02
9.981638e-06	5.256647e+02
9.900079e-06	5.238761e+02
9.819174e-06	5.220933e+02
9.738917e-06	5.203163e+02
9.659303e-06	5.185450e+02
9.580328e-06	5.167796e+02
9.501986e-06	5.150199e+02
9.424273e-06	5.132659e+02
9.347183e-06	5.115176e+02
9.270712e-06	5.097751e+02
9.194854e-06	5.080382e+02
9.119606e-06	5.063070e+02
9.044963e-06	5.045814e+02
8.970918e-06	5.028615e+02
8.897469e-06	5.011472e+02
8.824610e-06	4.994385e+02
8.752337e-06	4.977355e+02
8.680644e-06	4.960379e+02
8.609529e-06	4.943460e+02
8.538985e-06	4.926596e+02
8.469009e-06	4.909787e+02
8.399596e-06	4.893033e+02
8.330741e-06	4.876335e+02
8.262441e-06	4.859691e+02
8.194691e-06	4.843102e+02
8.127487e-06	4.826567e+02
8.060824e-06	4.810087e+02
7.994698e-06	4.793661e+02
7.929105e-06	4.777289e+02
7.864041e-06	4.760972e+02
7.799501e-06	4.744708e+02
7.735482e-06	4.728497e+02
7.671979e-06	4.712340e+02
7.608988e-06	4.696237e+02
7.546506e-06	4.680186e+02
7.484528e-06	4.664189e+02
7.423050e-06	4.648244e+02
7.362069e-06	4.632353e+02
7.301580e-06	4.616513e+02
7.241580e-06	4.600727e+02
7.182065e-06	4.584992e+02
7.123030e-06	4.569310e+02
7.064473e-06	4.553680e+02
7.006389e-06	4.538101e+02
6.948774e-06	4.522575e+02
6.891626e-06	4.507099e+02
6.834940e-06	4.491676e+02
6.778712e-06	4.476303e+02
6.722940e-06	4.460982e+02
6.667619e-06	4.445711e+02
6.612746e-06	4.430492e+02
6.558317e-06	4.415323e+02
6.504329e-06	4.400204e+02
6.450778e-06	4.385137e+02
6.397661e-06	4.370119e+02
6.344974e-06	4.355151e+02
6.292715e-06	4.340234e+02
6.240879e-06	4.325366e+02
6.189463e-06	4.310548e+02
6.138465e-06	4.295779e+02
6.087880e-06	4.281060e+02
6.037705e-06	4.266390e+02
5.987938e-06	4.251769e+02
5.938574e-06	4.237197e+02
5.889611e-06	4.222674e+02
5.841046e-06	4.208200e+02
5.792875e-06	4.193774e+02
5.745095e-06	4.179396e+02
5.697704e-06	4.165067e+02
5.650697e-06	4.150786e+02
5.604073e-06	4.136553e+02
5.557827e-06	4.122368e+02
5.511958e-06	4.108230e+02
5.466461e-06	4.094140e+02
5.421334e-06	4.080098e+02
5.376574e-06	4.066102e+02
5.332179e-06	4.052154e+02
5.288145e-06	4.038253e+02
5.244469e-06	4.024398e+02
5.201148e-06	4.010591e+02
5.158181e-06	3.996830e+02
5.115563e-06	3.983115e+02
5.073292e-06	3.969447e+02
5.031365e-06	3.955824e+02
4.989781e-06	3.942248e+02
4.948534e-06	3.928718e+02
4.907624e-06	3.915234e+02
4.867048e-06	3.901795e+02
4.826802e-06	3.888401e+02
4.786885e-06	3.875053e+02
4.747293e-06	3.861750e+02
4.708023e-06	3.848492e+02
4.669075e-06	3.835280e+02
4.630444e-06	3.822111e+02
4.592128e-06	3.808988e+02
4.554125e-06	3.795909e+02
4.516432e-06	3.782875e+02
4.479047e-06	3.769884e+02
4.441968e-06	3.756938e+02
4.405191e-06	3.744036e+02
4.368714e-06	3.731178e+02
4.332536e-06	3.718363e+02
4.296653e-06	3.705592e+02
4.261063e-06	3.692864e+02
4.225765e-06	3.680180e+02
4.190755e-06	3.667538e+02
4.156031e-06	3.654940e+02
4.121591e-06	3.642385e+02
4.087432e-06	3.629873e+02
4.053554e-06	3.617403e+02
4.019952e-06	3.604975e+02
3.986625e-06	3.592590e+02
3.953571e-06	3.580247e+02
3.920788e-06	3.567946e+02
3.888272e-06	3.555687e+02
3.856024e-06	3.543470e+02
3.824039e-06	3.531295e+02
3.792316e-06	3.519161e+02
3.760853e-06	3.507069e+02
3.729647e-06	3.495018e+02
3.698698e-06	3.483007e+02
3.668001e-06	3.471038e+02
3.637557e-06	3.459110e+02
3.607362e-06	3.447222e+02
3.577414e-06	3.435376e+02
3.547712e-06	3.423569e+02
3.518254e-06	3.411803e+02
3.489037e-06	3.400077e+02
3.460059e-06	3.388391e+02
3.431320e-06	3.376745e+02
3.402816e-06	3.365139e+02
3.374546e-06	3.353572e+02
3.346508e-06	3.342045e+02
3.318700e-06	3.330557e+02
3.291120e-06	3.319108e+02
3.263767e-06	3.307699e+02
3.236638e-06	3.296328e+02
3.209731e-06	3.284996e+02
3.183046e-06	3.273703e+02
3.156580e-06	3.262448e+02
3.130331e-06	3.251232e+02
3.104298e-06	3.240053e+02
3.078479e-06	3.228913e+02
3.052871e-06	3.217811e+02
3.027475e-06	3.206747e+02
3.002286e-06	3.195720e+02
2.977305e-06	3.184731e+02
2.952529e-06	3.173779e+02
2.927957e-06	3.162864e+02
2.903586e-06	3.151987e+02
2.879416e-06	3.141146e+02
2.855444e-06	3.130342e+02
2.831670e-06	3.119575e+02
2.808091e-06	3.108844e+02
2.784706e-06	3.098150e+02
2.761513e-06	3.087492e+02
2.738511e-06	3.076869e+02
2.715698e-06	3.066283e+02
2.693072e-06	3.055732e+02
2.670633e-06	3.045217e+02
2.648378e-06	3.034738e+02
2.626306e-06	3.024293e+02
2.604416e-06	3.013884e+02
2.582705e-06	3.003510e+02
2.561174e-06	2.993170e+02
2.539819e-06	2.982865e+02
2.518640e-06	2.972594e+02
2.497635e-06	2.962358e+02
2.476803e-06	2.952156e+02
2.456142e-06	2.941988e+02
2.435652e-06	2.931853e+02
2.415329e-06	2.921753e+02
2.395174e-06	2.911685e+02
2.375185e-06	2.901651e+02
2.355360e-06	2.891650e+02
2.335698e-06	2.881683e+02
2.316198e-06	2.871747e+02
2.296858e-06	2.861845e+02
2.277677e-06	2.851975e+02
2.258654e-06	2.842137e+02
2.239787e-06	2.832331e+02
2.221075e-06	2.822557e+02
2.202518e-06	2.812814e+02
2.184113e-06	2.803104e+02
2.165859e-06	2.793424e+02
2.147755e-06	2.783776e+02
2.129799e-06	2.774158e+02
2.111992e-06	2.764572e+02
2.094331e-06	2.755016e+02
2.076814e-06	2.745490e+02
2.059442e-06	2.735994e+02
2.042213e-06	2.726529e+02
2.025124e-06	2.717093e+02
2.008177e-06	2.707687e+02
1.991368e-06	2.698311e+02
1.974698e-06	2.688963e+02
1.958164e-06	2.679645e+02
1.941766e-06	2.670355e+02
1.925503e-06	2.661095e+02
1.909373e-06	2.651863e+02
1.893375e-06	2.642659e+02
1.877509e-06	2.633483e+02
1.861773e-06	2.624336e+02
1.846166e-06	2.615216e+02
1.830686e-06	2.606121e+02
1.815334e-06	2.597056e+02
1.800108e-06	2.588019e+02
1.785008e-06	2.579009e+02
1.770031e-06	2.570027e+02
1.755176e-06	2.561071e+02
1.740444e-06	2.552140e+02
1.725832e-06	2.543237e+02
1.711340e-06	2.534361e+02
1.696968e-06	2.525514e+02
1.682714e-06	2.516693e+02
1.668577e-06	2.507897e+02
1.654555e-06	2.499128e+02
1.640650e-06	2.490385e+02
1.626858e-06	2.481670e+02
1.613181e-06	2.472983e+02
1.599618e-06	2.464328e+02
1.586166e-06	2.455699e+02
1.572826e-06	2.447098e+02
1.559596e-06	2.438526e+02
1.546477e-06	2.429983e+02
1.533466e-06	2.421469e+02
1.520563e-06	2.412985e+02
1.507769e-06	2.404533e+02
1.495083e-06	2.396115e+02
1.482504e-06	2.387732e+02
1.470031e-06	2.379384e+02
1.457667e-06	2.371077e+02
1.445406e-06	2.362805e+02
1.433252e-06	2.354575e+02
1.421204e-06	2.346387e+02
1.409260e-06	2.338246e+02
1.397423e-06	2.330154e+02
1.385691e-06	2.322114e+02
1.374064e-06	2.314126e+02
1.362543e-06	2.306196e+02
1.351126e-06	2.298327e+02
1.339816e-06	2.290522e+02
1.328612e-06	2.282785e+02
1.317514e-06	2.275122e+02
1.306522e-06	2.267536e+02
1.295638e-06	2.260032e+02
1.284861e-06	2.252614e+02
1.274191e-06	2.245288e+02
1.263630e-06	2.238057e+02
1.253177e-06	2.230927e+02
1.242832e-06	2.223902e+02
1.232596e-06	2.216985e+02
1.222469e-06	2.210181e+02
1.212450e-06	2.203493e+02
1.202540e-06	2.196925e+02
1.192738e-06	2.190479e+02
1.183043e-06	2.184158e+02
1.173456e-06	2.177962e+02
1.163974e-06	2.171895e+02
1.154599e-06	2.165955e+02
1.145328e-06	2.160144e+02
1.136160e-06	2.154461e+02
1.127094e-06	2.148907e+02
1.118129e-06	2.143479e+02
1.109264e-06	2.138176e+02
1.100497e-06	2.132997e+02
1.091826e-06	2.127940e+02
1.083250e-06	2.123001e+02
1.074767e-06	2.118178e+02
1.066375e-06	2.113467e+02
1.058073e-06	2.108865e+02
1.049859e-06	2.104369e+02
1.041730e-06	2.099974e+02
1.033686e-06	2.095679e+02
1.025724e-06	2.091478e+02
1.017843e-06	2.087370e+02
1.010042e-06	2.083349e+02
1.002318e-06	2.079413e+02
9.946704e-07	2.075558e+02
9.870972e-07	2.071781e+02
9.795971e-07	2.068080e+02
9.721687e-07	2.064450e+02
9.648105e-07	2.060889e+02
9.575214e-07	2.057394e+02
9.502999e-07	2.053963e+02
9.431448e-07	2.050591e+02
9.360549e-07	2.047278e+02
9.290292e-07	2.044021e+02
9.220666e-07	2.040818e+02
9.151659e-07	2.037666e+02
9.083260e-07	2.034562e+02
9.015460e-07	2.031506e+02
8.948248e-07	2.028494e+02
8.881615e-07	2.025525e+02
8.815552e-07	2.022597e+02
8.750050e-07	2.019708e+02
8.685100e-07	2.016857e+02
8.620695e-07	2.014041e+02
8.556826e-07	2.011259e+02
8.493485e-07	2.008511e+02
8.430666e-07	2.005794e+02
8.368361e-07	2.003107e+02
8.306563e-07	2.000449e+02
8.245266e-07	1.997818e+02
8.184463e-07	1.995214e+02
8.124147e-07	1.992636e+02
8.064314e-07	1.990082e+02
8.004955e-07	1.987551e+02
7.946067e-07	1.985043e+02
7.887644e-07	1.982556e+02
7.829679e-07	1.980090e+02
7.772168e-07	1.977644e+02
7.715105e-07	1.975216e+02
7.658485e-07	1.972807e+02
7.602305e-07	1.970416e+02
7.546557e-07	1.968041e+02
7.491239e-07	1.965683e+02
7.436346e-07	1.963340e+02
7.381872e-07	1.961012e+02
7.327814e-07	1.958698e+02
7.274168e-07	1.956398e+02
7.220929e-07	1.954111e+02
7.168093e-07	1.951837e+02
7.115656e-07	1.949575e+02
7.063614e-07	1.947325e+02
7.011964e-07	1.945086e+02
6.960702e-07	1.942858e+02
6.909823e-07	1.940640e+02
6.859325e-07	1.938432e+02
6.809204e-07	1.936234e+02
6.759456e-07	1.934044e+02
6.710078e-07	1.931864e+02
6.661066e-07	1.929692e+02
6.612417e-07	1.927528e+02
6.564129e-07	1.925371e+02
6.516197e-07	1.923222e+02
6.468619e-07	1.921080e+02
6.421391e-07	1.918945e+02
6.374510e-07	1.916817e+02
6.327974e-07	1.914694e+02
6.281779e-07	1.912578e+02
6.235922e-07	1.910467e+02
6.190401e-07	1.908361e+02
6.145213e-07	1.906261e+02
6.100355e-07	1.904165e+02
6.055824e-07	1.902074e+02
6.011617e-07	1.899988e+02
5.967732e-07	1.897905e+02
5.924165e-07	1.895827e+02
5.880915e-07	1.893752e+02
5.837979e-07	1.891681e+02
5.795354e-07	1.889613e+02
5.753038e-07	1.887548e+02
5.711028e-07	1.885487e+02
5.669322e-07	1.883427e+02
5.627916e-07	1.881371e+02
5.586810e-07	1.879316e+02
5.546000e-07	1.877264e+02
5.505484e-07	1.875214e+02
5.465259e-07	1.873165e+02
5.425324e-07	1.871118e+02
5.385676e-07	1.869073e+02
5.346313e-07	1.867029e+02
5.307233e-07	1.864986e+02
5.268432e-07	1.862944e+02
5.229910e-07	1.860902e+02
5.191664e-07	1.858861e+02
5.153691e-07	1.856821e+02
5.115990e-07	1.854781e+02
5.078559e-07	1.852741e+02
5.041395e-07	1.850701e+02
5.004496e-07	1.848660e+02
4.967861e-07	1.846620e+02
4.931487e-07	1.844579e+02
4.895372e-07	1.842537e+02
4.859514e-07	1.840494e+02
4.823912e-07	1.838451e+02
4.788562e-07	1.836406e+02
4.753464e-07	1.834360e+02
4.718615e-07	1.832313e+02
4.684014e-07	1.830264e+02
4.649658e-07	1.828213e+02
4.615546e-07	1.826160e+02
4.581675e-07	1.824106e+02
4.548045e-07	1.822048e+02
4.514652e-07	1.819989e+02
4.481496e-07	1.817927e+02
4.448574e-07	1.815863e+02
4.415885e-07	1.813795e+02
4.383426e-07	1.811725e+02
4.351197e-07	1.809651e+02
4.319194e-07	1.807574e+02
4.287418e-07	1.805494e+02
4.255865e-07	1.803409e+02
4.224534e-07	1.801321e+02
4.193423e-07	1.799229e+02
4.162531e-07	1.797133e+02
4.131856e-07	1.795032e+02
4.101396e-07	1.792926e+02
4.071150e-07	1.790816e+02
4.041116e-07	1.788701e+02
4.011292e-07	1.786580e+02
3.981676e-07	1.784454e+02
3.952268e-07	1.782323e+02
3.923065e-07	1.780186e+02
3.894066e-07	1.778043e+02
3.865269e-07	1.775893e+02
3.836673e-07	1.773737e+02
3.808276e-07	1.771575e+02
3.780076e-07	1.769405e+02
3.752072e-07	1.767228e+02
3.724262e-07	1.765044e+02
3.696646e-07	1.762852e+02
3.669220e-07	1.760653e+02
3.641985e-07	1.758445e+02
3.614937e-07	1.756229e+02
3.588076e-07	1.754004e+02
3.561401e-07	1.751770e+02
3.534909e-07	1.749526e+02
3.508599e-07	1.747273e+02
3.482471e-07	1.745010e+02
3.456521e-07	1.742737e+02
3.430749e-07	1.740453e+02
3.405153e-07	1.738159e+02
3.379732e-07	1.735853e+02
3.354485e-07	1.733535e+02
3.329409e-07	1.731206e+02
3.304504e-07	1.728864e+02
3.279767e-07	1.726509e+02
3.255199e-07	1.724141e+02
3.230796e-07	1.721759e+02
3.206558e-07	1.719364e+02
3.182483e-07	1.716953e+02
3.158569e-07	1.714528e+02
3.134816e-07	1.712087e+02
3.111222e-07	1.709630e+02
3.087785e-07	1.707157e+02
3.064505e-07	1.704667e+02
3.041378e-07	1.702159e+02
3.018405e-07	1.699632e+02
2.995583e-07	1.697087e+02
2.972912e-07	1.694523e+02
2.950389e-07	1.691938e+02
2.928013e-07	1.689333e+02
2.905784e-07	1.686706e+02
2.883698e-07	1.684056e+02
2.861756e-07	1.681385e+02
2.839955e-07	1.678689e+02
2.818294e-07	1.675968e+02
2.796770e-07	1.673222e+02
2.775383e-07	1.670448e+02
2.754131e-07	1.667647e+02
2.733013e-07	1.664818e+02
2.712027e-07	1.661959e+02
2.691171e-07	1.659069e+02
2.670445e-07	1.656147e+02
2.649846e-07	1.653193e+02
2.629373e-07	1.650205e+02
2.609024e-07	1.647182e+02
2.588798e-07	1.644122e+02
2.568692e-07	1.641025e+02
2.548706e-07	1.637888e+02
2.528838e-07	1.634710e+02
2.509086e-07	1.631490e+02
2.489448e-07	1.628226e+02
2.469922e-07	1.624916e+02
2.450506e-07	1.621559e+02
2.431200e-07	1.618152e+02
2.412000e-07	1.614695e+02
2.392905e-07	1.611184e+02
2.373914e-07	1.607617e+02
2.355023e-07	1.603993e+02
2.336232e-07	1.600310e+02
2.317537e-07	1.596564e+02
2.298938e-07	1.592753e+02
2.280431e-07	1.588875e+02
2.262016e-07	1.584927e+02
2.243685e-07	1.580901e+02
2.225440e-07	1.576799e+02
2.207279e-07	1.572618e+02
2.189199e-07	1.568353e+02
2.171200e-07	1.564006e+02
2.153277e-07	1.559567e+02
2.135427e-07	1.555036e+02
2.117650e-07	1.550409e+02
2.099942e-07	1.545682e+02
2.082301e-07	1.540851e+02
2.064726e-07	1.535915e+02
2.047213e-07	1.530869e+02
2.029762e-07	1.525711e+02
2.012370e-07	1.520436e+02
1.995035e-07	1.515042e+02
1.977757e-07	1.509528e+02
1.960533e-07	1.503889e+02
1.943362e-07	1.498125e+02
1.926245e-07	1.492235e+02
1.909180e-07	1.486216e+02
1.892167e-07	1.480069e+02
1.875207e-07	1.473794e+02
1.858301e-07	1.467393e+02
1.841450e-07	1.460866e+02
1.824654e-07	1.454215e+02
1.807916e-07	1.447445e+02
1.791241e-07	1.440561e+02
1.774631e-07	1.433569e+02
1.758088e-07	1.426472e+02
1.741617e-07	1.419278e+02
1.725223e-07	1.411995e+02
1.708910e-07	1.404632e+02
1.692683e-07	1.397195e+02
1.676546e-07	1.389693e+02
1.660504e-07	1.382137e+02
1.644562e-07	1.374534e+02
1.628724e-07	1.366893e+02
1.612997e-07	1.359224e+02
1.597383e-07	1.351535e+02
1.581887e-07	1.343838e+02
1.566513e-07	1.336134e+02
1.551264e-07	1.328436e+02
1.536143e-07	1.320751e+02
1.521155e-07	1.313085e+02
1.506302e-07	1.305447e+02
1.491586e-07	1.297841e+02
1.477010e-07	1.290273e+02
1.462574e-07	1.282748e+02
1.448280e-07	1.275271e+02
1.434130e-07	1.267846e+02
1.420124e-07	1.260475e+02
1.406262e-07	1.253163e+02
1.392544e-07	1.245912e+02
1.378972e-07	1.238724e+02
1.365544e-07	1.231601e+02
1.352260e-07	1.224545e+02
1.339119e-07	1.217557e+02
1.326122e-07	1.210639e+02
1.313266e-07	1.203791e+02
1.300552e-07	1.197014e+02
1.287978e-07	1.190308e+02
1.275543e-07	1.183674e+02
1.263246e-07	1.177112e+02
1.251086e-07	1.170622e+02
1.239061e-07	1.164204e+02
1.227170e-07	1.157857e+02
1.215412e-07	1.151582e+02
1.203785e-07	1.145378e+02
1.192288e-07	1.139245e+02
1.180919e-07	1.133182e+02
1.169678e-07	1.127188e+02
1.158562e-07	1.121264e+02
1.147569e-07	1.115408e+02
1.136700e-07	1.109619e+02
1.125951e-07	1.103898e+02
1.115322e-07	1.098243e+02
1.104811e-07	1.092653e+02
1.094416e-07	1.087129e+02
1.084137e-07	1.081668e+02
1.073969e-07	1.076267e+02
1.063915e-07	1.070931e+02
1.053972e-07	1.065657e+02
1.044138e-07	1.060444e+02
1.034412e-07	1.055291e+02
1.024794e-07	1.050198e+02
1.015280e-07	1.045164e+02
1.005870e-07	1.040188e+02
9.965633e-08	1.035268e+02
9.873574e-08	1.030405e+02
9.782515e-08	1.025598e+02
9.692442e-08	1.020845e+02
9.603341e-08	1.016146e+02
9.515202e-08	1.011501e+02
9.428010e-08	1.006908e+02
9.341754e-08	1.002366e+02
9.256422e-08	9.978755e+01
9.172000e-08	9.934350e+01
9.088479e-08	9.890440e+01
9.005846e-08	9.847017e+01
8.924089e-08	9.804075e+01
8.843197e-08	9.761605e+01
8.763160e-08	9.719602e+01
8.683965e-08	9.678058e+01
8.605603e-08	9.636967e+01
8.528063e-08	9.596322e+01
8.451330e-08	9.556110e+01
8.375397e-08	9.516328e+01
8.300253e-08	9.476971e+01
8.225889e-08	9.438034e+01
8.152296e-08	9.399510e+01
8.079464e-08	9.361396e+01
8.007383e-08	9.323685e+01
7.936045e-08	9.286372e+01
7.865439e-08	9.249451e+01
7.795558e-08	9.212916e+01
7.726391e-08	9.176763e+01
7.657930e-08	9.140985e+01
7.590165e-08	9.105577e+01
7.523090e-08	9.070534e+01
7.456694e-08	9.035850e+01
7.390969e-08	9.001520e+01
7.325908e-08	8.967540e+01
7.261501e-08	8.933903e+01
7.197741e-08	8.900605e+01
7.134620e-08	8.867640e+01
7.072130e-08	8.835005e+01
7.010263e-08	8.802694e+01
6.949012e-08	8.770702e+01
6.888368e-08	8.739024e+01
6.828326e-08	8.707657e+01
6.768877e-08	8.676596e+01
6.710014e-08	8.645835e+01
6.651731e-08	8.615372e+01
6.594020e-08	8.585201e+01
6.536875e-08	8.555318e+01
6.480288e-08	8.525719e+01
6.424253e-08	8.496401e+01
6.368760e-08	8.467347e+01
6.313810e-08	8.438577e+01
6.259392e-08	8.410074e+01
6.205502e-08	8.381838e+01
6.152132e-08	8.353863e+01
6.099276e-08	8.326146e+01
6.046928e-08	8.298679e+01
5.995074e-08	8.271440e+01
5.943714e-08	8.244441e+01
5.892857e-08	8.217716e+01
5.842482e-08	8.191224e+01
5.792580e-08	8.164948e+01
5.743162e-08	8.138934e+01
5.694214e-08	8.113154e+01
5.645729e-08	8.087597e+01
5.597701e-08	8.062265e+01
5.550127e-08	8.037153e+01
5.503000e-08	8.012258e+01
5.456316e-08	7.987578e+01
5.410070e-08	7.963109e+01
5.364257e-08	7.938849e+01
5.318872e-08	7.914795e+01
5.273911e-08	7.890945e+01
5.229369e-08	7.867297e+01
5.185242e-08	7.843852e+01
5.141524e-08	7.820599e+01
5.098209e-08	7.797532e+01
5.055293e-08	7.774653e+01
5.012773e-08	7.751958e+01
4.970644e-08	7.729448e+01
4.928903e-08	7.707121e+01
4.887545e-08	7.684973e+01
4.846567e-08	7.663004e+01
4.805964e-08	7.641211e+01
4.765732e-08	7.619592e+01
4.725868e-08	7.598145e+01
4.686367e-08	7.576868e+01
4.647226e-08	7.555758e+01
4.608440e-08	7.534814e+01
4.570006e-08	7.514033e+01
4.531921e-08	7.493413e+01
4.494181e-08	7.472952e+01
4.456781e-08	7.452649e+01
4.419718e-08	7.432501e+01
4.382989e-08	7.412505e+01
4.346591e-08	7.392661e+01
4.310519e-08	7.372965e+01
4.274771e-08	7.353418e+01
4.239342e-08	7.334015e+01
4.204231e-08	7.314756e+01
4.169432e-08	7.295639e+01
4.134944e-08	7.276662e+01
4.100763e-08	7.257822e+01
4.066885e-08	7.239120e+01
4.033308e-08	7.220552e+01
4.000029e-08	7.202117e+01
3.967045e-08	7.183814e+01
3.934351e-08	7.165640e+01
3.901947e-08	7.147595e+01
3.869828e-08	7.129676e+01
3.837992e-08	7.111883e+01
3.806436e-08	7.094213e+01
3.775157e-08	7.076665e+01
3.744152e-08	7.059237e+01
3.713419e-08	7.041929e+01
3.682955e-08	7.024739e+01
3.652757e-08	7.007665e+01
3.622822e-08	6.990706e+01
3.593139e-08	6.973822e+01
3.563721e-08	6.957079e+01
3.534558e-08	6.940443e+01
3.505651e-08	6.923926e+01
3.476995e-08	6.907518e+01
3.448587e-08	6.891221e+01
3.420427e-08	6.875030e+01
3.392510e-08	6.858946e+01
3.364834e-08	6.842966e+01
3.337397e-08	6.827088e+01
3.310196e-08	6.811312e+01
3.283230e-08	6.795635e+01
3.256495e-08	6.780058e+01
3.229991e-08	6.764578e+01
3.203713e-08	6.749194e+01
3.177661e-08	6.733906e+01
3.151832e-08	6.718711e+01
3.126223e-08	6.703610e+01
3.100834e-08	6.688601e+01
3.075661e-08	6.673682e+01
3.050703e-08	6.658854e+01
3.025957e-08	6.644115e+01
3.001422e-08	6.629463e+01
2.977096e-08	6.614899e+01
2.952976e-08	6.600421e+01
2.929060e-08	6.586028e+01
2.905347e-08	6.571717e+01
2.881835e-08	6.557486e+01
2.858521e-08	6.543337e+01
2.835404e-08	6.529268e+01
2.812482e-08	6.515279e+01
2.789753e-08	6.501370e+01
2.767216e-08	6.487540e+01
2.744869e-08	6.473788e+01
2.722711e-08	6.460114e+01
2.700738e-08	6.446516e+01
2.678951e-08	6.432994e+01
2.657346e-08	6.419548e+01
2.635923e-08	6.406176e+01
2.614679e-08	6.392878e+01
2.593614e-08	6.379654e+01
2.572725e-08	6.366501e+01
2.552010e-08	6.353420e+01
2.531469e-08	6.340409e+01
2.511100e-08	6.327469e+01
2.490900e-08	6.314597e+01
2.470869e-08	6.301795e+01
2.451005e-08	6.289060e+01
2.431307e-08	6.276392e+01
2.411772e-08	6.263791e+01
2.392399e-08	6.251255e+01
2.373188e-08	6.238784e+01
2.354136e-08	6.226378e+01
2.335242e-08	6.214036e+01
2.316505e-08	6.201756e+01
2.297923e-08	6.189539e+01
2.279495e-08	6.177384e+01
2.261220e-08	6.165290e+01
2.243095e-08	6.153256e+01
2.225121e-08	6.141283e+01
2.207294e-08	6.129369e+01
2.189615e-08	6.117513e+01
2.172081e-08	6.105716e+01
2.154692e-08	6.093976e+01
2.137446e-08	6.082294e+01
2.120343e-08	6.070667e+01
2.103379e-08	6.059097e+01
2.086555e-08	6.047582e+01
2.069870e-08	6.036122e+01
2.053321e-08	6.024716e+01
2.036908e-08	6.013363e+01
2.020630e-08	6.002065e+01
2.004484e-08	5.990818e+01
1.988472e-08	5.979624e+01
1.972590e-08	5.968482e+01
1.956838e-08	5.957391e+01
1.941215e-08	5.946351e+01
1.925720e-08	5.935361e+01
1.910351e-08	5.924421e+01
1.895107e-08	5.913530e+01
1.879988e-08	5.902687e+01
1.864992e-08	5.891894e+01
1.850118e-08	5.881148e+01
1.835366e-08	5.870450e+01
1.820733e-08	5.859799e+01
1.806220e-08	5.849194e+01
1.791825e-08	5.838636e+01
1.777546e-08	5.828124e+01
1.763384e-08	5.817657e+01
1.749336e-08	5.807234e+01
1.735403e-08	5.796857e+01
1.721582e-08	5.786523e+01
1.707874e-08	5.776234e+01
1.694277e-08	5.765987e+01
1.680789e-08	5.755784e+01
1.667411e-08	5.745623e+01
1.654142e-08	5.735505e+01
1.640979e-08	5.725428e+01
1.627923e-08	5.715393e+01
1.614973e-08	5.705398e+01
1.602127e-08	5.695445e+01
1.589385e-08	5.685532e+01
1.576745e-08	5.675659e+01
1.564208e-08	5.665825e+01
1.551772e-08	5.656032e+01
1.539436e-08	5.646276e+01
1.527199e-08	5.636560e+01
1.515061e-08	5.626882e+01
1.503021e-08	5.617242e+01
1.491078e-08	5.607640e+01
1.479229e-08	5.598065e+01
1.467477e-08	5.588535e+01
1.455819e-08	5.579042e+01
1.444255e-08	5.569586e+01
1.432784e-08	5.560168e+01
1.421405e-08	5.550785e+01
1.410118e-08	5.541439e+01
1.398921e-08	5.532128e+01
1.387814e-08	5.522853e+01
1.376797e-08	5.513612e+01
1.365867e-08	5.504405e+01
1.355025e-08	5.495232e+01
1.344270e-08	5.486093e+01
1.333601e-08	5.476988e+01
1.323017e-08	5.467916e+01
1.312518e-08	5.458876e+01
1.302103e-08	5.449865e+01
1.291770e-08	5.440881e+01
1.281519e-08	5.431927e+01
1.271350e-08	5.423003e+01
1.261263e-08	5.414111e+01
1.251256e-08	5.405250e+01
1.241329e-08	5.396422e+01
1.231482e-08	5.387626e+01
1.221713e-08	5.378862e+01
1.212022e-08	5.370131e+01
1.202409e-08	5.361432e+01
1.192873e-08	5.352765e+01
1.183413e-08	5.344130e+01
1.174029e-08	5.335527e+01
1.164720e-08	5.326955e+01
1.155485e-08	5.318415e+01
1.146324e-08	5.309905e+01
1.137236e-08	5.301427e+01
1.128221e-08	5.292978e+01
1.119277e-08	5.284557e+01
1.110403e-08	5.276152e+01
1.101599e-08	5.267773e+01
1.092865e-08	5.259416e+01
1.084201e-08	5.251086e+01
1.075605e-08	5.242781e+01
1.067077e-08	5.234503e+01
1.058617e-08	5.226252e+01
1.050224e-08	5.218028e+01
1.041898e-08	5.209832e+01
1.033638e-08	5.201663e+01
1.025444e-08	5.193521e+01
1.017315e-08	5.185406e+01
1.009251e-08	5.177318e+01
1.001251e-08	5.169257e+01
9.933140e-09	5.161223e+01
9.854404e-09	5.153215e+01
9.776294e-09	5.145234e+01
9.698804e-09	5.137279e+01
9.621929e-09	5.129350e+01
9.545665e-09	5.121446e+01
9.470005e-09	5.113569e+01
9.394946e-09	5.105716e+01
9.320483e-09	5.097889e+01
9.246586e-09	5.090060e+01
9.173285e-09	5.082267e+01
9.100560e-09	5.074492e+01
9.028412e-09	5.066744e+01
8.956835e-09	5.059018e+01
8.885825e-09	5.051316e+01
8.815377e-09	5.043637e+01
8.745485e-09	5.035980e+01
8.676146e-09	5.028346e+01
8.607355e-09	5.020734e+01
8.539108e-09	5.013144e+01
8.471400e-09	5.005576e+01
8.404226e-09	4.998030e+01
8.337584e-09	4.990505e+01
8.271467e-09	4.983002e+01
8.205873e-09	4.975520e+01
8.140796e-09	4.968060e+01
8.076234e-09	4.960620e+01
8.012180e-09	4.953201e+01
7.948632e-09	4.945803e+01
7.885586e-09	4.938426e+01
7.823037e-09	4.931069e+01
7.760981e-09	4.923732e+01
7.699415e-09	4.916415e+01
7.638334e-09	4.909119e+01
7.577735e-09	4.901842e+01
7.517613e-09	4.894585e+01
7.457966e-09	4.887348e+01
7.398789e-09	4.880130e+01
7.340078e-09	4.872932e+01
7.281829e-09	4.865752e+01
7.224040e-09	4.858593e+01
7.166706e-09	4.851452e+01
7.109824e-09	4.844330e+01
7.053389e-09	4.837226e+01
6.997399e-09	4.830142e+01
6.941850e-09	4.823076e+01
6.886739e-09	4.816028e+01
6.832062e-09	4.808999e+01
6.777814e-09	4.801988e+01
6.723994e-09	4.794995e+01
6.670598e-09	4.788020e+01
6.617622e-09	4.781063e+01
6.565063e-09	4.774123e+01
6.512917e-09	4.767201e+01
6.461182e-09	4.760297e+01
6.409854e-09	4.753410e+01
6.358930e-09	4.746541e+01
6.308406e-09	4.739689e+01
6.258280e-09	4.732854e+01
6.208548e-09	4.726035e+01
6.159207e-09	4.719234e+01
6.110255e-09	4.712450e+01
6.061687e-09	4.705682e+01
6.013501e-09	4.698931e+01
5.965694e-09	4.692196e+01
5.918263e-09	4.685478e+01
5.871205e-09	4.678776e+01
5.824517e-09	4.672091e+01
5.778196e-09	4.665421e+01
5.732239e-09	4.658768e+01
5.686644e-09	4.652130e+01
5.641407e-09	4.645509e+01
5.596525e-09	4.638903e+01
5.551996e-09	4.632313e+01
5.507817e-09	4.625738e+01
5.463985e-09	4.619179e+01
5.420498e-09	4.612635e+01
5.377352e-09	4.606107e+01
5.334546e-09	4.599594e+01
5.292076e-09	4.593096e+01
5.249939e-09	4.586613e+01
5.208134e-09	4.580145e+01
5.166657e-09	4.573692e+01
5.125506e-09	4.567254e+01
5.084678e-09	4.560830e+01
5.044171e-09	4.554421e+01
5.003983e-09	4.548027e+01
4.964110e-09	4.541647e+01
4.924550e-09	4.535282e+01
4.885301e-09	4.528931e+01
4.846360e-09	4.522594e+01
4.807725e-09	4.516272e+01
4.769394e-09	4.509963e+01
4.731364e-09	4.503669e+01
4.693632e-09	4.497388e+01
4.656197e-09	4.491122e+01
4.619056e-09	4.484869e+01
4.582206e-09	4.478630e+01
4.545646e-09	4.472405e+01
4.509373e-09	4.466193e+01
4.473385e-09	4.459995e+01
4.437680e-09	4.453810e+01
4.402255e-09	4.447639e+01
4.367109e-09	4.441481e+01
4.332239e-09	4.435336e+01
4.297642e-09	4.429204e+01
4.263317e-09	4.423086e+01
4.229262e-09	4.416980e+01
4.195474e-09	4.410888e+01
4.161952e-09	4.404808e+01
4.128693e-09	4.398741e+01
4.095695e-09	4.392688e+01
4.062956e-09	4.386646e+01
4.030475e-09	4.380618e+01
3.998249e-09	4.374602e+01
3.966275e-09	4.368599e+01
3.934554e-09	4.362608e+01
3.903081e-09	4.356629e+01
3.871855e-09	4.350663e+01
3.840875e-09	4.344709e+01
3.810138e-09	4.338768e+01
3.779643e-09	4.332838e+01
3.749387e-09	4.326921e+01
3.719369e-09	4.321016e+01
3.689587e-09	4.315123e+01
3.660039e-09	4.309242e+01
3.630723e-09	4.303372e+01
3.601637e-09	4.297515e+01
3.572780e-09	4.291669e+01
3.544150e-09	4.285835e+01
3.515744e-09	4.280013e+01
3.487562e-09	4.274202e+01
3.459602e-09	4.268403e+01
3.431861e-09	4.262615e+01
3.404338e-09	4.256839e+01
3.377032e-09	4.251074e+01
3.349940e-09	4.245321e+01
3.323061e-09	4.239579e+01
3.296393e-09	4.233848e+01
3.269936e-09	4.228128e+01
3.243686e-09	4.222420e+01
3.217642e-09	4.216723e+01
3.191803e-09	4.211036e+01
3.166168e-09	4.205361e+01
3.140734e-09	4.199697e+01
3.115500e-09	4.194043e+01
3.090465e-09	4.188401e+01
3.065626e-09	4.182769e+01
3.040983e-09	4.177148e+01
3.016533e-09	4.171538e+01
2.992276e-09	4.165938e+01
2.968210e-09	4.160349e+01
2.944333e-09	4.154771e+01
2.920644e-09	4.149203e+01
2.897142e-09	4.143645e+01
2.873824e-09	4.138099e+01
2.850690e-09	4.132562e+01
2.827738e-09	4.127036e+01
2.804966e-09	4.121520e+01
2.782374e-09	4.116015e+01
2.759959e-09	4.110519e+01
2.737721e-09	4.105034e+01
2.715658e-09	4.099559e+01
2.693769e-09	4.094094e+01
2.672053e-09	4.088640e+01
2.650507e-09	4.083195e+01
2.629131e-09	4.077760e+01
2.607923e-09	4.072335e+01
2.586882e-09	4.066920e+01
2.566007e-09	4.061516e+01
2.545296e-09	4.056120e+01
2.524749e-09	4.050735e+01
2.504364e-09	4.045359e+01
2.484139e-09	4.039993e+01
2.464073e-09	4.034637e+01
2.444166e-09	4.029290e+01
2.424415e-09	4.023954e+01
2.404821e-09	4.018626e+01
2.385380e-09	4.013309e+01
2.366093e-09	4.008001e+01
2.346959e-09	4.002702e+01
2.327975e-09	3.997413e+01
2.309140e-09	3.992133e+01
2.290455e-09	3.986863e+01
2.271916e-09	3.981602e+01
2.253524e-09	3.976350e+01
2.235277e-09	3.971107e+01
2.217174e-09	3.965874e+01
2.199214e-09	3.960650e+01
2.181396e-09	3.955435e+01
2.163718e-09	3.950229e+01
2.146180e-09	3.945032e+01
2.128780e-09	3.939844e+01
2.111517e-09	3.934665e+01
2.094391e-09	3.929495e+01
2.077400e-09	3.924334e+01
2.060543e-09	3.919183e+01
2.043820e-09	3.914039e+01
2.027228e-09	3.908905e+01
2.010768e-09	3.903780e+01
1.994438e-09	3.898663e+01
1.978236e-09	3.893555e+01
1.962163e-09	3.888456e+01
1.946217e-09	3.883365e+01
1.930396e-09	3.878283e+01
1.914701e-09	3.873210e+01
1.899130e-09	3.868145e+01
1.883682e-09	3.863089e+01
1.868356e-09	3.858042e+01
1.853152e-09	3.853003e+01
1.838067e-09	3.847972e+01
1.823103e-09	3.842950e+01
1.808256e-09	3.837936e+01
1.793527e-09	3.832931e+01
1.778914e-09	3.827934e+01
1.764418e-09	3.822945e+01
1.750035e-09	3.817965e+01
1.735767e-09	3.812993e+01
1.721612e-09	3.808029e+01
1.707569e-09	3.803074e+01
1.693637e-09	3.798126e+01
1.679815e-09	3.793187e+01
1.666103e-09	3.788256e+01
1.652499e-09	3.783332e+01
1.639004e-09	3.778417e+01
1.625615e-09	3.773510e+01
1.612332e-09	3.768610e+01
1.599155e-09	3.763719e+01
1.586082e-09	3.758836e+01
1.573113e-09	3.753960e+01
1.560246e-09	3.749093e+01
1.547482e-09	3.744233e+01
1.534819e-09	3.739381e+01
1.522256e-09	3.734537e+01
1.509793e-09	3.729701e+01
1.497429e-09	3.724873e+01
1.485164e-09	3.720053e+01
1.472995e-09	3.715240e+01
1.460923e-09	3.710435e+01
1.448947e-09	3.705638e+01
1.437067e-09	3.700849e+01
1.425280e-09	3.696067e+01
1.413587e-09	3.691293e+01
1.401987e-09	3.686527e+01
1.390480e-09	3.681768e+01
1.379063e-09	3.677016e+01
1.367738e-09	3.672273e+01
1.356502e-09	3.667537e+01
1.345356e-09	3.662808e+01
1.334299e-09	3.658087e+01
1.323330e-09	3.653374e+01
1.312447e-09	3.648667e+01
1.301652e-09	3.643969e+01
1.290942e-09	3.639277e+01
1.280318e-09	3.634593e+01
1.269778e-09	3.629917e+01
1.259322e-09	3.625248e+01
1.248949e-09	3.620586e+01
1.238659e-09	3.615932e+01
1.228451e-09	3.611284e+01
1.218325e-09	3.606644e+01
1.208279e-09	3.602012e+01
1.198313e-09	3.597386e+01
1.188426e-09	3.592768e+01
1.178619e-09	3.588157e+01
1.168889e-09	3.583553e+01
1.159238e-09	3.578956e+01
1.149663e-09	3.574367e+01
1.140164e-09	3.569784e+01
1.130742e-09	3.565209e+01
1.121394e-09	3.560641e+01
1.112122e-09	3.556079e+01
1.102923e-09	3.551525e+01
1.093798e-09	3.546978e+01
1.084745e-09	3.542438e+01
1.075765e-09	3.537904e+01
1.066857e-09	3.533378e+01
1.058020e-09	3.528859e+01
1.049253e-09	3.524346e+01
1.040557e-09	3.519841e+01
1.031930e-09	3.515342e+01
1.023372e-09	3.510851e+01
1.014883e-09	3.506366e+01
1.006462e-09	3.501888e+01
9.981075e-10	3.497416e+01
9.898203e-10	3.492952e+01
9.815995e-10	3.488494e+01
9.734444e-10	3.484043e+01
9.653547e-10	3.479599e+01
9.573298e-10	3.475162e+01
9.493692e-10	3.470731e+01
9.414723e-10	3.466307e+01
9.336388e-10	3.461890e+01
9.258681e-10	3.457479e+01
9.181596e-10	3.453075e+01
9.105130e-10	3.448678e+01
9.029277e-10	3.444287e+01
8.954033e-10	3.439903e+01
8.879392e-10	3.435525e+01
8.805351e-10	3.431154e+01
8.731904e-10	3.426790e+01
8.659047e-10	3.422432e+01
8.586774e-10	3.418080e+01
8.515083e-10	3.413735e+01
8.443967e-10	3.409397e+01
8.373423e-10	3.405065e+01
8.303446e-10	3.400739e+01
8.234031e-10	3.396420e+01
8.165175e-10	3.392108e+01
8.096872e-10	3.387801e+01
8.029119e-10	3.383502e+01
7.961911e-10	3.379208e+01
7.895244e-10	3.374921e+01
7.829113e-10	3.370640e+01
7.763515e-10	3.366366e+01
7.698445e-10	3.362098e+01
7.633900e-10	3.357836e+01
7.569874e-10	3.353581e+01
7.506364e-10	3.349332e+01
7.443367e-10	3.345089e+01
7.380877e-10	3.340852e+01
7.318891e-10	3.336622e+01
7.257405e-10	3.332397e+01
7.196415e-10	3.328179e+01
7.135917e-10	3.323967e+01
7.075907e-10	3.319762e+01
7.016382e-10	3.315563e+01
6.957338e-10	3.311369e+01
6.898770e-10	3.307182e+01
6.840676e-10	3.303001e+01
6.783050e-10	3.298826e+01
6.725891e-10	3.294657e+01
6.669194e-10	3.290494e+01
6.612955e-10	3.286338e+01
6.557171e-10	3.282187e+01
6.501839e-10	3.278043e+01
6.446954e-10	3.273904e+01
6.392513e-10	3.269772e+01
6.338513e-10	3.265645e+01
6.284950e-10	3.261525e+01
6.231821e-10	3.257410e+01
6.179123e-10	3.253301e+01
6.126851e-10	3.249199e+01
6.075003e-10	3.245102e+01
6.023576e-10	3.241012e+01
5.972565e-10	3.236927e+01
5.921969e-10	3.232848e+01
5.871783e-10	3.228775e+01
5.822004e-10	3.224708e+01
5.772629e-10	3.220647e+01
5.723655e-10	3.216591e+01
5.675079e-10	3.212542e+01
5.626897e-10	3.208498e+01
5.579107e-10	3.204460e+01
5.531706e-10	3.200428e+01
5.484689e-10	3.196402e+01
5.438055e-10	3.192382e+01
5.391800e-10	3.188367e+01
5.345922e-10	3.184358e+01
5.300417e-10	3.180355e+01
5.255282e-10	3.176357e+01
5.210515e-10	3.172366e+01
5.166113e-10	3.168380e+01
5.122072e-10	3.164399e+01
5.078390e-10	3.160425e+01
5.035064e-10	3.156456e+01
4.992091e-10	3.152493e+01
4.949469e-10	3.148535e+01
4.907194e-10	3.144583e+01
4.865265e-10	3.140637e+01
4.823677e-10	3.136697e+01
4.782430e-10	3.132762e+01
4.741518e-10	3.128832e+01
4.700941e-10	3.124909e+01
4.660696e-10	3.120990e+01
4.620780e-10	3.117078e+01
4.581189e-10	3.113171e+01
4.541923e-10	3.109269e+01
4.502978e-10	3.105373e+01
4.464351e-10	3.101483e+01
4.426041e-10	3.097598e+01
4.388044e-10	3.093719e+01
4.350358e-10	3.089845e+01
4.312981e-10	3.085977e+01
4.275910e-10	3.082114e+01
4.239143e-10	3.078257e+01
4.202678e-10	3.074405e+01
4.166511e-10	3.070558e+01
4.130641e-10	3.066717e+01
4.095065e-10	3.062882e+01
4.059782e-10	3.059051e+01
4.024788e-10	3.055227e+01
3.990081e-10	3.051407e+01
3.955660e-10	3.047594e+01
3.921521e-10	3.043785e+01
3.887663e-10	3.039982e+01
3.854084e-10	3.036184e+01
3.820780e-10	3.032392e+01
3.787750e-10	3.028605e+01
3.754993e-10	3.024823e+01
3.722505e-10	3.021046e+01
3.690284e-10	3.017275e+01
3.658329e-10	3.013510e+01
3.626637e-10	3.009749e+01
3.595206e-10	3.005994e+01
3.564035e-10	3.002244e+01
3.533120e-10	2.998500e+01
3.502461e-10	2.994760e+01
3.472054e-10	2.991026e+01
3.441899e-10	2.987297e+01
3.411992e-10	2.983574e+01
3.382332e-10	2.979855e+01
3.352918e-10	2.976142e+01
3.323746e-10	2.972434e+01
3.294816e-10	2.968732e+01
3.266125e-10	2.965034e+01
3.237671e-10	2.961342e+01
3.209453e-10	2.957655e+01
3.181469e-10	2.953973e+01
3.153715e-10	2.950296e+01
3.126192e-10	2.946624e+01
3.098897e-10	2.942957e+01
3.071829e-10	2.939296e+01
3.044984e-10	2.935640e+01
3.018363e-10	2.931989e+01
2.991962e-10	2.928343e+01
2.965780e-10	2.924702e+01
2.939815e-10	2.921066e+01
2.914066e-10	2.917435e+01
2.888532e-10	2.913809e+01
2.863209e-10	2.910189e+01
2.838097e-10	2.906573e+01
2.813193e-10	2.902963e+01
2.788497e-10	2.899357e+01
2.764006e-10	2.895757e+01
2.739719e-10	2.892161e+01
2.715635e-10	2.888571e+01
2.691751e-10	2.884986e+01
2.668066e-10	2.881405e+01
2.644578e-10	2.877830e+01
2.621286e-10	2.874260e+01
2.598189e-10	2.870694e+01
2.575284e-10	2.867134e+01
2.552570e-10	2.863578e+01
2.530046e-10	2.860028e+01
2.507711e-10	2.856482e+01
2.485561e-10	2.852942e+01
2.463597e-10	2.849406e+01
2.441817e-10	2.845875e+01
2.420219e-10	2.842349e+01
2.398801e-10	2.838828e+01
2.377563e-10	2.835312e+01
2.356503e-10	2.831801e+01
2.335619e-10	2.828295e+01
2.314910e-10	2.824794e+01
2.294374e-10	2.821297e+01
2.274011e-10	2.817806e+01
2.253819e-10	2.814319e+01
2.233796e-10	2.810837e+01
2.213941e-10	2.807360e+01
2.194253e-10	2.803888e+01
2.174730e-10	2.800420e+01
2.155371e-10	2.796958e+01
2.136176e-10	2.793500e+01
2.117141e-10	2.790047e+01
2.098267e-10	2.786599e+01
2.079551e-10	2.783156e+01
2.060993e-10	2.779717e+01
2.042592e-10	2.776283e+01
2.024345e-10	2.772854e+01
2.006252e-10	2.769430e+01
1.988312e-10	2.766011e+01
1.970523e-10	2.762596e+01
1.952884e-10	2.759186e+01
1.935395e-10	2.755781e+01
1.918052e-10	2.752380e+01
1.900857e-10	2.748984e+01
1.883806e-10	2.745594e+01
1.866900e-10	2.742207e+01
1.850137e-10	2.738826e+01
1.833516e-10	2.735449e+01
1.817035e-10	2.732076e+01
1.800694e-10	2.728709e+01
1.784492e-10	2.725346e+01
1.768426e-10	2.721988e+01
1.752497e-10	2.718634e+01
1.736703e-10	2.715285e+01
1.721043e-10	2.711941e+01
1.705516e-10	2.708601e+01
1.690121e-10	2.705267e+01
1.674857e-10	2.701936e+01
1.659722e-10	2.698611e+01
1.644716e-10	2.695290e+01
1.629838e-10	2.691973e+01
1.615086e-10	2.688661e+01
1.600460e-10	2.685354e+01
1.585959e-10	2.682051e+01
1.571581e-10	2.678753e+01
1.557325e-10	2.675460e+01
1.543191e-10	2.672171e+01
1.529178e-10	2.668887e+01
1.515284e-10	2.665607e+01
1.501509e-10	2.662332e+01
1.487851e-10	2.659061e+01
1.474311e-10	2.655795e+01
1.460886e-10	2.652533e+01
1.447575e-10	2.649276e+01
1.434379e-10	2.646024e+01
1.421296e-10	2.642776e+01
1.408324e-10	2.639532e+01
1.395464e-10	2.636294e+01
1.382714e-10	2.633059e+01
1.370073e-10	2.629829e+01
1.357541e-10	2.626604e+01
1.345116e-10	2.623383e+01
1.332798e-10	2.620166e+01
1.320586e-10	2.616954e+01
1.308479e-10	2.613746e+01
1.296476e-10	2.610543e+01
1.284576e-10	2.607345e+01
1.272778e-10	2.604151e+01
1.261082e-10	2.600961e+01
1.249487e-10	2.597776e+01
1.237992e-10	2.594595e+01
1.226595e-10	2.591418e+01
1.215297e-10	2.588246e+01
1.204097e-10	2.585079e+01
1.192993e-10	2.581915e+01
1.181985e-10	2.578757e+01
1.171072e-10	2.575602e+01
1.160254e-10	2.572452e+01
1.149529e-10	2.569307e+01
1.138896e-10	2.566165e+01
1.128356e-10	2.563029e+01
1.117907e-10	2.559896e+01
1.107549e-10	2.556768e+01
1.097280e-10	2.553644e+01
1.087101e-10	2.550525e+01
1.077010e-10	2.547410e+01
1.067006e-10	2.544299e+01
1.057089e-10	2.541193e+01
1.047259e-10	2.538091e+01
1.037514e-10	2.534993e+01
1.027853e-10	2.531900e+01
1.018277e-10	2.528811e+01
1.008784e-10	2.525726e+01
9.993739e-11	2.522645e+01
9.900456e-11	2.519569e+01
9.807986e-11	2.516497e+01
9.716323e-11	2.513430e+01
9.625460e-11	2.510367e+01
9.535390e-11	2.507308e+01
9.446106e-11	2.504253e+01
9.357603e-11	2.501203e+01
9.269874e-11	2.498156e+01
9.182913e-11	2.495115e+01
9.096712e-11	2.492077e+01
9.011266e-11	2.489043e+01
8.926569e-11	2.486014e+01
8.842614e-11	2.482989e+01
8.759396e-11	2.479969e+01
8.676907e-11	2.476952e+01
8.595143e-11	2.473940e+01
8.514097e-11	2.470932e+01
8.433763e-11	2.467928e+01
8.354135e-11	2.464929e+01
8.275208e-11	2.461933e+01
8.196976e-11	2.458942e+01
8.119432e-11	2.455955e+01
8.042572e-11	2.452972e+01
7.966389e-11	2.449994e+01
7.890878e-11	2.447019e+01
7.816033e-11	2.444049e+01
7.741849e-11	2.441083e+01
7.668321e-11	2.438121e+01
7.595442e-11	2.435163e+01
7.523208e-11	2.432210e+01
7.451613e-11	2.429260e+01
7.380651e-11	2.426315e+01
7.310318e-11	2.423374e+01
7.240609e-11	2.420437e+01
7.171517e-11	2.417504e+01
7.103039e-11	2.414575e+01
7.035168e-11	2.411651e+01
6.967900e-11	2.408730e+01
6.901230e-11	2.405814e+01
6.835152e-11	2.402901e+01
6.769662e-11	2.399993e+01
6.704756e-11	2.397089e+01
6.640427e-11	2.394189e+01
6.576671e-11	2.391293e+01
6.513484e-11	2.388402e+01
6.450860e-11	2.385514e+01
6.388796e-11	2.382630e+01
6.327285e-11	2.379751e+01
6.266324e-11	2.376875e+01
6.205909e-11	2.374004e+01
6.146033e-11	2.371136e+01
6.086694e-11	2.368273e+01
6.027886e-11	2.365414e+01
5.969605e-11	2.362559e+01
5.911846e-11	2.359707e+01
5.854606e-11	2.356860e+01
5.797879e-11	2.354017e+01
5.741662e-11	2.351178e+01
5.685950e-11	2.348343e+01
5.630739e-11	2.345512e+01
5.576025e-11	2.342685e+01
5.521804e-11	2.339862e+01
5.468070e-11	2.337043e+01
5.414821e-11	2.334228e+01
5.362053e-11	2.331417e+01
5.309760e-11	2.328610e+01
5.257940e-11	2.325807e+01
5.206587e-11	2.323008e+01
5.155699e-11	2.320213e+01
5.105271e-11	2.317422e+01
5.055300e-11	2.314635e+01
5.005781e-11	2.311852e+01
4.956711e-11	2.309073e+01
4.908086e-11	2.306297e+01
4.859902e-11	2.303526e+01
4.812155e-11	2.300759e+01
4.764842e-11	2.297996e+01
4.717959e-11	2.295236e+01
4.671503e-11	2.292481e+01
4.625469e-11	2.289729e+01
4.579855e-11	2.286982e+01
4.534656e-11	2.284238e+01
4.489869e-11	2.281498e+01
4.445491e-11	2.278763e+01
4.401518e-11	2.276031e+01
4.357946e-11	2.273303e+01
4.314773e-11	2.270579e+01
4.271994e-11	2.267859e+01
4.229608e-11	2.265142e+01
4.187609e-11	2.262430e+01
4.145995e-11	2.259722e+01
4.104763e-11	2.257017e+01
4.063909e-11	2.254316e+01
4.023431e-11	2.251619e+01
3.983324e-11	2.248927e+01
3.943585e-11	2.246238e+01
3.904213e-11	2.243552e+01
3.865202e-11	2.240871e+01
3.826552e-11	2.238194e+01
3.788257e-11	2.235520e+01
3.750316e-11	2.232850e+01
3.712724e-11	2.230184e+01
3.675480e-11	2.227522e+01
3.638580e-11	2.224864e+01
3.602022e-11	2.222210e+01
3.565801e-11	2.219559e+01
3.529917e-11	2.216913e+01
3.494364e-11	2.214270e+01
3.459142e-11	2.211631e+01
3.424246e-11	2.208996e+01
3.389674e-11	2.206364e+01
3.355423e-11	2.203737e+01
3.321491e-11	2.201113e+01
3.287874e-11	2.198493e+01
3.254571e-11	2.195877e+01
3.221578e-11	2.193264e+01
3.188892e-11	2.190656e+01
3.156511e-11	2.188051e+01
3.124433e-11	2.185450e+01
3.092654e-11	2.182853e+01
3.061173e-11	2.180260e+01
3.029986e-11	2.177670e+01
2.999091e-11	2.175084e+01
2.968485e-11	2.172502e+01
2.938167e-11	2.169924e+01
2.908133e-11	2.167349e+01
2.878380e-11	2.164778e+01
2.848908e-11	2.162211e+01
2.819712e-11	2.159648e+01
2.790792e-11	2.157088e+01
2.762143e-11	2.154532e+01
2.733765e-11	2.151981e+01
2.705654e-11	2.149432e+01
2.677808e-11	2.146888e+01
2.650225e-11	2.144347e+01
2.622903e-11	2.141810e+01
2.595839e-11	2.139276e+01
2.569032e-11	2.136746e+01
2.542478e-11	2.134220e+01
2.516176e-11	2.131697e+01
2.490123e-11	2.129178e+01
2.464318e-11	2.126663e+01
2.438757e-11	2.124152e+01
2.413440e-11	2.121644e+01
2.388363e-11	2.119140e+01
2.363526e-11	2.116640e+01
2.338925e-11	2.114143e+01
2.314558e-11	2.111650e+01
2.290424e-11	2.109161e+01
2.266521e-11	2.106675e+01
2.242845e-11	2.104193e+01
2.219397e-11	2.101715e+01
2.196172e-11	2.099240e+01
2.173171e-11	2.096769e+01
2.150389e-11	2.094302e+01
2.127826e-11	2.091838e+01
2.105480e-11	2.089378e+01
2.083349e-11	2.086922e+01
2.061430e-11	2.084469e+01
2.039722e-11	2.082020e+01
2.018224e-11	2.079575e+01
1.996932e-11	2.077133e+01
1.975846e-11	2.074695e+01
1.954964e-11	2.072261e+01
1.934283e-11	2.069830e+01
1.913802e-11	2.067403e+01
1.893519e-11	2.064979e+01
1.873433e-11	2.062559e+01
1.853541e-11	2.060143e+01
1.833843e-11	2.057730e+01
1.814335e-11	2.055321e+01
1.795018e-11	2.052916e+01
1.775888e-11	2.050514e+01
1.756944e-11	2.048116e+01
1.738184e-11	2.045721e+01
1.719608e-11	2.043330e+01
1.701213e-11	2.040943e+01
1.682997e-11	2.038559e+01
1.664959e-11	2.036179e+01
1.647098e-11	2.033802e+01
1.629411e-11	2.031429e+01
1.611898e-11	2.029059e+01
1.594556e-11	2.026693e+01
1.577385e-11	2.024331e+01
1.560382e-11	2.021972e+01
1.543546e-11	2.019617e+01
1.526876e-11	2.017265e+01
1.510370e-11	2.014917e+01
1.494027e-11	2.012573e+01
1.477845e-11	2.010232e+01
1.461822e-11	2.007895e+01
1.445958e-11	2.005561e+01
1.430251e-11	2.003230e+01
1.414699e-11	2.000904e+01
1.399301e-11	1.998581e+01
1.384056e-11	1.996261e+01
1.368962e-11	1.993945e+01
1.354018e-11	1.991633e+01
1.339223e-11	1.989324e+01
1.324574e-11	1.987018e+01
1.310072e-11	1.984717e+01
1.295714e-11	1.982418e+01
1.281499e-11	1.980123e+01
1.267426e-11	1.977832e+01
1.253494e-11	1.975545e+01
1.239701e-11	1.973260e+01
1.226046e-11	1.970980e+01
1.212528e-11	1.968703e+01
1.199145e-11	1.966429e+01
1.185897e-11	1.964159e+01
1.172782e-11	1.961892e+01
1.159798e-11	1.959629e+01
1.146946e-11	1.957369e+01
1.134222e-11	1.955113e+01
1.121627e-11	1.952861e+01
1.109160e-11	1.950612e+01
1.096818e-11	1.948366e+01
1.084600e-11	1.946124e+01
1.072507e-11	1.943885e+01
1.060536e-11	1.941650e+01
1.048686e-11	1.939418e+01
1.036956e-11	1.937189e+01
1.025346e-11	1.934965e+01
1.013854e-11	1.932743e+01
1.002478e-11	1.930525e+01
9.912188e-12	1.928311e+01
9.800739e-12	1.926100e+01
9.690429e-12	1.923892e+01
9.581244e-12	1.921689e+01
9.473176e-12	1.919488e+01
9.366214e-12	1.917291e+01
9.260347e-12	1.915097e+01
9.155566e-12	1.912907e+01
9.051860e-12	1.910720e+01
8.949219e-12	1.908536e+01
8.847634e-12	1.906357e+01
8.747094e-12	1.904180e+01
8.647589e-12	1.902007e+01
8.549111e-12	1.899837e+01
8.451649e-12	1.897671e+01
8.355195e-12	1.895508e+01
8.259737e-12	1.893349e+01
8.165268e-12	1.891193e+01
8.071778e-12	1.889040e+01
7.979258e-12	1.886891e+01
7.887698e-12	1.884746e+01
7.797090e-12	1.882603e+01
7.707424e-12	1.880464e+01
7.618692e-12	1.878329e+01
7.530885e-12	1.876197e+01
7.443995e-12	1.874068e+01
7.358012e-12	1.871943e+01
7.272927e-12	1.869821e+01
7.188734e-12	1.867702e+01
7.105422e-12	1.865587e+01
7.022985e-12	1.863475e+01
6.941412e-12	1.861367e+01
6.860697e-12	1.859262e+01
6.780831e-12	1.857161e+01
6.701806e-12	1.855062e+01
6.623614e-12	1.852967e+01
6.546247e-12	1.850876e+01
6.469698e-12	1.848788e+01
6.393958e-12	1.846703e+01
6.319019e-12	1.844622e+01
6.244875e-12	1.842544e+01
6.171517e-12	1.840469e+01
6.098938e-12	1.838398e+01
6.027130e-12	1.836330e+01
5.956087e-12	1.834266e+01
5.885800e-12	1.832204e+01
5.816262e-12	1.830147e+01
5.747467e-12	1.828092e+01
5.679408e-12	1.826041e+01
5.612076e-12	1.823993e+01
5.545465e-12	1.821949e+01
5.479568e-12	1.819908e+01
5.414379e-12	1.817870e+01
5.349889e-12	1.815835e+01
5.286094e-12	1.813804e+01
5.222985e-12	1.811776e+01
5.160556e-12	1.809752e+01
5.098801e-12	1.807731e+01
5.037713e-12	1.805713e+01
4.977286e-12	1.803699e+01
4.917513e-12	1.801687e+01
4.858387e-12	1.799680e+01
4.799903e-12	1.797675e+01
4.742054e-12	1.795674e+01
4.684834e-12	1.793676e+01
4.628237e-12	1.791681e+01
4.572257e-12	1.789690e+01
4.516888e-12	1.787702e+01
4.462123e-12	1.785718e+01
4.407957e-12	1.783736e+01
4.354384e-12	1.781758e+01
4.301398e-12	1.779783e+01
4.248993e-12	1.777812e+01
4.197164e-12	1.775844e+01
4.145905e-12	1.773879e+01
4.095210e-12	1.771917e+01
4.045074e-12	1.769959e+01
3.995491e-12	1.768004e+01
3.946456e-12	1.766052e+01
3.897963e-12	1.764104e+01
3.850007e-12	1.762158e+01
3.802582e-12	1.760216e+01
3.755684e-12	1.758278e+01
3.709307e-12	1.756342e+01
3.663446e-12	1.754410e+01
3.618095e-12	1.752482e+01
3.573250e-12	1.750556e+01
3.528906e-12	1.748634e+01
3.485057e-12	1.746715e+01
3.441699e-12	1.744799e+01
3.398826e-12	1.742886e+01
3.356435e-12	1.740977e+01
3.314519e-12	1.739071e+01
3.273074e-12	1.737168e+01
3.232096e-12	1.735269e+01
3.191580e-12	1.733373e+01
3.151521e-12	1.731480e+01
3.111914e-12	1.729590e+01
3.072755e-12	1.727703e+01
3.034040e-12	1.725820e+01
2.995764e-12	1.723940e+01
2.957922e-12	1.722063e+01
2.920510e-12	1.720190e+01
2.883524e-12	1.718319e+01
2.846959e-12	1.716452e+01
2.810811e-12	1.714588e+01
2.775076e-12	1.712728e+01
2.739749e-12	1.710870e+01
2.704827e-12	1.709016e+01
2.670305e-12	1.707165e+01
2.636180e-12	1.705317e+01
2.602446e-12	1.703473e+01
2.569101e-12	1.701631e+01
2.536140e-12	1.699793e+01
2.503559e-12	1.697958e+01
2.471354e-12	1.696126e+01
2.439522e-12	1.694298e+01
2.408058e-12	1.692472e+01
2.376958e-12	1.690650e+01
2.346220e-12	1.688831e+01
2.315839e-12	1.687016e+01
2.285812e-12	1.685203e+01
2.256134e-12	1.683394e+01
2.226803e-12	1.681588e+01
2.197814e-12	1.679785e+01
2.169164e-12	1.677985e+01
2.140850e-12	1.676189e+01
2.112868e-12	1.674395e+01
2.085214e-12	1.672605e+01
2.057886e-12	1.670818e+01
2.030879e-12	1.669034e+01
2.004190e-12	1.667254e+01
1.977817e-12	1.665476e+01
1.951755e-12	1.663702e+01
1.926001e-12	1.661931e+01
1.900553e-12	1.660163e+01
1.875406e-12	1.658398e+01
1.850559e-12	1.656636e+01
1.826007e-12	1.654878e+01
1.801747e-12	1.653123e+01
1.777777e-12	1.651371e+01
1.754093e-12	1.649621e+01
1.730692e-12	1.647876e+01
1.707571e-12	1.646133e+01
1.684728e-12	1.644393e+01
1.662159e-12	1.642657e+01
1.639861e-12	1.640924e+01
1.617832e-12	1.639194e+01
1.596068e-12	1.637467e+01
1.574567e-12	1.635743e+01
1.553327e-12	1.634023e+01
1.532343e-12	1.632305e+01
1.511613e-12	1.630591e+01
1.491135e-12	1.628880e+01
1.470906e-12	1.627172e+01
1.450924e-12	1.625467e+01
1.431184e-12	1.623765e+01
1.411686e-12	1.622066e+01
1.392426e-12	1.620371e+01
1.373402e-12	1.618678e+01
1.354611e-12	1.616989e+01
1.336050e-12	1.615303e+01
1.317718e-12	1.613620e+01
1.299611e-12	1.611940e+01
1.281728e-12	1.610263e+01
1.264065e-12	1.608589e+01
1.246620e-12	1.606919e+01
1.229391e-12	1.605251e+01
1.212376e-12	1.603587e+01
1.195572e-12	1.601926e+01
1.178977e-12	1.600267e+01
1.162589e-12	1.598612e+01
1.146404e-12	1.596960e+01
1.130422e-12	1.595312e+01
1.114640e-12	1.593666e+01
1.099055e-12	1.592023e+01
1.083665e-12	1.590384e+01
1.068469e-12	1.588747e+01
1.053464e-12	1.587114e+01
1.038647e-12	1.585484e+01
1.024019e-12	1.583861e+01
1.009575e-12	1.582237e+01
9.953127e-13	1.580617e+01
9.812310e-13	1.578998e+01
9.673278e-13	1.577383e+01
9.536010e-13	1.575770e+01
9.400488e-13	1.574159e+01
9.266692e-13	1.572552e+01
9.134603e-13	1.570948e+01
9.004201e-13	1.569346e+01
8.875468e-13	1.567748e+01
8.748384e-13	1.566153e+01
8.622932e-13	1.564561e+01
8.499093e-13	1.562973e+01
8.376848e-13	1.561387e+01
8.256179e-13	1.559805e+01
8.137069e-13	1.558226e+01
8.019499e-13	1.556650e+01
7.903452e-13	1.555077e+01
7.788910e-13	1.553508e+01
7.675856e-13	1.551941e+01
7.564274e-13	1.550378e+01
7.454145e-13	1.548819e+01
7.345454e-13	1.547262e+01
7.238184e-13	1.545709e+01
7.132318e-13	1.544159e+01
7.027839e-13	1.542612e+01
6.924733e-13	1.541068e+01
6.822983e-13	1.539528e+01
6.722573e-13	1.537991e+01
6.623488e-13	1.536457e+01
6.525711e-13	1.534926e+01
6.429229e-13	1.533399e+01
6.334025e-13	1.531875e+01
6.240085e-13	1.530354e+01
6.147394e-13	1.528836e+01
6.055937e-13	1.527322e+01
5.965700e-13	1.525811e+01
5.876665e-13	1.524301e+01
5.788819e-13	1.522794e+01
5.702147e-13	1.521288e+01
5.616637e-13	1.519785e+01
5.532276e-13	1.518284e+01
5.449049e-13	1.516786e+01
5.366944e-13	1.515291e+01
5.285948e-13	1.513799e+01
5.206047e-13	1.512310e+01
5.127228e-13	1.510824e+01
5.049478e-13	1.509341e+01
4.972786e-13	1.507861e+01
4.897137e-13	1.506385e+01
4.822520e-13	1.504911e+01
4.748922e-13	1.503441e+01
4.676331e-13	1.501974e+01
4.604735e-13	1.500510e+01
4.534121e-13	1.499049e+01
4.464477e-13	1.497592e+01
4.395793e-13	1.496137e+01
4.328056e-13	1.494686e+01
4.261255e-13	1.493238e+01
4.195378e-13	1.491793e+01
4.130415e-13	1.490352e+01
4.066353e-13	1.488913e+01
4.003181e-13	1.487478e+01
3.940890e-13	1.486047e+01
3.879468e-13	1.484618e+01
3.818904e-13	1.483193e+01
3.759188e-13	1.481770e+01
3.700308e-13	1.480351e+01
3.642256e-13	1.478936e+01
3.585021e-13	1.477523e+01
3.528590e-13	1.476112e+01
3.472955e-13	1.474704e+01
3.418105e-13	1.473298e+01
3.364032e-13	1.471895e+01
3.310726e-13	1.470495e+01
3.258176e-13	1.469097e+01
3.206374e-13	1.467703e+01
3.155310e-13	1.466311e+01
3.104975e-13	1.464921e+01
3.055359e-13	1.463535e+01
3.006429e-13	1.462127e+01
2.958218e-13	1.460738e+01
2.910697e-13	1.459349e+01
2.863866e-13	1.457968e+01
2.817710e-13	1.456590e+01
2.772223e-13	1.455217e+01
2.727396e-13	1.453848e+01
2.683219e-13	1.452482e+01
2.639684e-13	1.451120e+01
2.596783e-13	1.449761e+01
2.554507e-13	1.448406e+01
2.512849e-13	1.447054e+01
2.471800e-13	1.445704e+01
2.431353e-13	1.444358e+01
2.391499e-13	1.443015e+01
2.352231e-13	1.441675e+01
2.313542e-13	1.440337e+01
2.275424e-13	1.439003e+01
2.237870e-13	1.437674e+01
2.200872e-13	1.436346e+01
2.164422e-13	1.435022e+01
2.128514e-13	1.433700e+01
2.093140e-13	1.432382e+01
2.058293e-13	1.431066e+01
2.023967e-13	1.429752e+01
1.990155e-13	1.428442e+01
1.956849e-13	1.427134e+01
1.924043e-13	1.425829e+01
1.891731e-13	1.424527e+01
1.859905e-13	1.423228e+01
1.828560e-13	1.421932e+01
1.797690e-13	1.420639e+01
1.767286e-13	1.419348e+01
1.737345e-13	1.418061e+01
1.707858e-13	1.416776e+01
1.678821e-13	1.415494e+01
1.650227e-13	1.414215e+01
1.622070e-13	1.412939e+01
1.594344e-13	1.411665e+01
1.567044e-13	1.410395e+01
1.540163e-13	1.409127e+01
1.513697e-13	1.407862e+01
1.487638e-13	1.406600e+01
1.461983e-13	1.405341e+01
1.436725e-13	1.404085e+01
1.411858e-13	1.402831e+01
1.387378e-13	1.401581e+01
1.363279e-13	1.400333e+01
1.339557e-13	1.399088e+01
1.316205e-13	1.397846e+01
1.293218e-13	1.396607e+01
1.270592e-13	1.395370e+01
1.248322e-13	1.394136e+01
1.226402e-13	1.392906e+01
1.204829e-13	1.391678e+01
1.183596e-13	1.390452e+01
1.162699e-13	1.389230e+01
1.142134e-13	1.388010e+01
1.121895e-13	1.386794e+01
1.101979e-13	1.385580e+01
1.082381e-13	1.384368e+01
1.063096e-13	1.383160e+01
1.044119e-13	1.381954e+01
1.025448e-13	1.380752e+01
1.007076e-13	1.379552e+01
9.890000e-14	1.378355e+01
9.712159e-14	1.377160e+01
9.537192e-14	1.375968e+01
9.365059e-14	1.374780e+01
9.195719e-14	1.373593e+01
9.029133e-14	1.372410e+01
8.865261e-14	1.371230e+01
8.704063e-14	1.370052e+01
8.545502e-14	1.368877e+01
8.389538e-14	1.367705e+01
8.236135e-14	1.366535e+01
8.085255e-14	1.365369e+01
7.936861e-14	1.364205e+01
7.790918e-14	1.363044e+01
7.647389e-14	1.361885e+01
7.506239e-14	1.360730e+01
7.367434e-14	1.359577e+01
7.230938e-14	1.358427e+01
7.096718e-14	1.357279e+01
6.964741e-14	1.356134e+01
6.834972e-14	1.354993e+01
6.707381e-14	1.353853e+01
6.581933e-14	1.352717e+01
6.458597e-14	1.351583e+01
6.337342e-14	1.350452e+01
6.218137e-14	1.349324e+01
6.100951e-14	1.348199e+01
5.985754e-14	1.347076e+01
5.872516e-14	1.345956e+01
5.761207e-14	1.344838e+01
5.651799e-14	1.343724e+01
5.544262e-14	1.342612e+01
5.438568e-14	1.341503e+01
5.334690e-14	1.340396e+01
5.232599e-14	1.339292e+01
5.132269e-14	1.338191e+01
5.033672e-14	1.337093e+01
4.936783e-14	1.335997e+01
4.841574e-14	1.334904e+01
4.748020e-14	1.333814e+01
4.656096e-14	1.332726e+01
4.565776e-14	1.331641e+01
4.477036e-14	1.330559e+01
4.389851e-14	1.329479e+01
4.304197e-14	1.328402e+01
4.220050e-14	1.327328e+01
4.137387e-14	1.326257e+01
4.056184e-14	1.325188e+01
3.976418e-14	1.324122e+01
3.898068e-14	1.323058e+01
3.821110e-14	1.321997e+01
3.745524e-14	1.320939e+01
3.671286e-14	1.319883e+01
3.598376e-14	1.318830e+01
3.526773e-14	1.317780e+01
3.456456e-14	1.316733e+01
3.387404e-14	1.315688e+01
3.319598e-14	1.314645e+01
3.253017e-14	1.313606e+01
3.187641e-14	1.312569e+01
3.123452e-14	1.311534e+01
3.060431e-14	1.310502e+01
2.998557e-14	1.309473e+01
2.937814e-14	1.308447e+01
2.878181e-14	1.307423e+01
2.819643e-14	1.306401e+01
2.762180e-14	1.305383e+01
2.705775e-14	1.304367e+01
2.650410e-14	1.303353e+01
2.596070e-14	1.302342e+01
2.542736e-14	1.301334e+01
2.490393e-14	1.300328e+01
2.439024e-14	1.299325e+01
2.388613e-14	1.298325e+01
2.339143e-14	1.297327e+01
2.290600e-14	1.296332e+01
2.242968e-14	1.295339e+01
2.196232e-14	1.294349e+01
2.150377e-14	1.293361e+01
2.105387e-14	1.292376e+01
2.061249e-14	1.291394e+01
2.017949e-14	1.290414e+01
1.975471e-14	1.289437e+01
1.933802e-14	1.288462e+01
1.892929e-14	1.287490e+01
1.852838e-14	1.286521e+01
1.813515e-14	1.285554e+01
1.774948e-14	1.284590e+01
1.737123e-14	1.283628e+01
1.700028e-14	1.282668e+01
1.663651e-14	1.281711e+01
1.627978e-14	1.280757e+01
1.592998e-14	1.279805e+01
1.558699e-14	1.278856e+01
1.525069e-14	1.277910e+01
1.492096e-14	1.276966e+01
1.459770e-14	1.276024e+01
1.428078e-14	1.275085e+01
1.397009e-14	1.274149e+01
1.366553e-14	1.273214e+01
1.336699e-14	1.272283e+01
1.307436e-14	1.271354e+01
1.278755e-14	1.270427e+01
1.250643e-14	1.269503e+01
1.223092e-14	1.268582e+01
1.196092e-14	1.267663e+01
1.169632e-14	1.266746e+01
1.143703e-14	1.265832e+01
1.118296e-14	1.264921e+01
1.093400e-14	1.264012e+01
1.069008e-14	1.263105e+01
1.045109e-14	1.262201e+01
1.021696e-14	1.261300e+01
9.987583e-15	1.260401e+01
9.762884e-15	1.259504e+01
9.542774e-15	1.258610e+01
9.327171e-15	1.257718e+01
9.115991e-15	1.256829e+01
8.909154e-15	1.255942e+01
8.706580e-15	1.255057e+01
8.508190e-15	1.254176e+01
8.313907e-15	1.253296e+01
8.123656e-15	1.252419e+01
7.937360e-15	1.251544e+01
7.754948e-15	1.250672e+01
7.576346e-15	1.249803e+01
7.401484e-15	1.248935e+01
7.230290e-15	1.248070e+01
7.062697e-15	1.247208e+01
6.898637e-15	1.246348e+01
6.738043e-15	1.245490e+01
6.580849e-15	1.244635e+01
6.426991e-15	1.243782e+01
6.276406e-15	1.242932e+01
6.129031e-15	1.242084e+01
5.984806e-15	1.241238e+01
5.843669e-15	1.240395e+01
5.705562e-15	1.239554e+01
5.570426e-15	1.238716e+01
5.438204e-15	1.237880e+01
5.308840e-15	1.237046e+01
5.182278e-15	1.236215e+01
5.058464e-15	1.235386e+01
4.937345e-15	1.234559e+01
4.818868e-15	1.233735e+01
4.702981e-15	1.232913e+01
4.589633e-15	1.232094e+01
4.478775e-15	1.231276e+01
4.370357e-15	1.230461e+01
4.264331e-15	1.229648e+01
4.160650e-15	1.228838e+01
4.059267e-15	1.228030e+01
3.960137e-15	1.227223e+01
3.863214e-15	1.226420e+01
3.768455e-15	1.225618e+01
3.675816e-15	1.224819e+01
3.585255e-15	1.224022e+01
3.496730e-15	1.223227e+01
3.410199e-15	1.222435e+01
3.325622e-15	1.221645e+01
3.242960e-15	1.220857e+01
3.162174e-15	1.220072e+01
3.083225e-15	1.219289e+01
3.006076e-15	1.218508e+01
2.930690e-15	1.217729e+01
2.857030e-15	1.216953e+01
2.785062e-15	1.216179e+01
2.714750e-15	1.215407e+01
2.646059e-15	1.214637e+01
2.578957e-15	1.213870e+01
2.513410e-15	1.213105e+01
2.449386e-15	1.212342e+01
2.386853e-15	1.211581e+01
2.325779e-15	1.210823e+01
2.266134e-15	1.210067e+01
2.207889e-15	1.209313e+01
2.151012e-15	1.208561e+01
2.095476e-15	1.207812e+01
2.041251e-15	1.207065e+01
1.988310e-15	1.206320e+01
1.936626e-15	1.205577e+01
1.886171e-15	1.204836e+01
1.836920e-15	1.204098e+01
1.788845e-15	1.203362e+01
1.741923e-15	1.202628e+01
1.696128e-15	1.201896e+01
1.651435e-15	1.201167e+01
1.607821e-15	1.200439e+01
1.565262e-15	1.199714e+01
1.523735e-15	1.198991e+01
1.483218e-15	1.198270e+01
1.443688e-15	1.197551e+01
1.405124e-15	1.196835e+01
1.367504e-15	1.196120e+01
1.330807e-15	1.195408e+01
1.295013e-15	1.194698e+01
1.260102e-15	1.193990e+01
1.226054e-15	1.193285e+01
1.192850e-15	1.192581e+01
1.160471e-15	1.191879e+01
1.128898e-15	1.191180e+01
1.098114e-15	1.190483e+01
1.068100e-15	1.189788e+01
1.038839e-15	1.189095e+01
1.010314e-15	1.188404e+01
9.825080e-16	1.187715e+01
9.554047e-16	1.187029e+01
9.289881e-16	1.186344e+01
9.032423e-16	1.185661e+01
8.781519e-16	1.184981e+01
8.537019e-16	1.184303e+01
8.298774e-16	1.183627e+01
8.066640e-16	1.182953e+01
7.840473e-16	1.182281e+01
7.620135e-16	1.181611e+01
7.405490e-16	1.180943e+01
7.196405e-16	1.180277e+01
6.992748e-16	1.179613e+01
6.794392e-16	1.178952e+01
6.601212e-16	1.178292e+01
6.413085e-16	1.177635e+01
6.229891e-16	1.176979e+01
6.051512e-16	1.176326e+01
5.877835e-16	1.175674e+01
5.708745e-16	1.175025e+01
5.544134e-16	1.174377e+01
5.383893e-16	1.173732e+01
5.227917e-16	1.173089e+01
5.076103e-16	1.172447e+01
4.928350e-16	1.171808e+01
4.784559e-16	1.171171e+01
4.644644e-16	1.170541e+01
4.508493e-16	1.169910e+01
4.376021e-16	1.169281e+01
4.247135e-16	1.168653e+01
4.121749e-16	1.168028e+01
3.999775e-16	1.167404e+01
3.881130e-16	1.166781e+01
3.765730e-16	1.166161e+01
3.653495e-16	1.165542e+01
3.544346e-16	1.164926e+01
3.438205e-16	1.164311e+01
3.334998e-16	1.163698e+01
3.234649e-16	1.163087e+01
3.137088e-16	1.162478e+01
3.042244e-16	1.161871e+01
2.950046e-16	1.161265e+01
2.860430e-16	1.160662e+01
2.773327e-16	1.160061e+01
2.688674e-16	1.159461e+01
2.606409e-16	1.158864e+01
2.526469e-16	1.158268e+01
2.448795e-16	1.157675e+01
2.373328e-16	1.157083e+01
2.300010e-16	1.156493e+01
2.228787e-16	1.155905e+01
2.159603e-16	1.155319e+01
2.092404e-16	1.154735e+01
2.027140e-16	1.154153e+01
1.963759e-16	1.153572e+01
1.902211e-16	1.152994e+01
1.842448e-16	1.152417e+01
1.784422e-16	1.151843e+01
1.728088e-16	1.151270e+01
1.673400e-16	1.150699e+01
1.620314e-16	1.150130e+01
1.568788e-16	1.149563e+01
1.518779e-16	1.148997e+01
1.470246e-16	1.148434e+01
1.423150e-16	1.147872e+01
1.377452e-16	1.147312e+01
1.333113e-16	1.146754e+01
1.290097e-16	1.146198e+01
1.248368e-16	1.145644e+01
1.207889e-16	1.145092e+01
1.168628e-16	1.144541e+01
1.130550e-16	1.143992e+01
1.093622e-16	1.143445e+01
1.057813e-16	1.142900e+01
1.023092e-16	1.142357e+01
9.894280e-17	1.141815e+01
9.567920e-17	1.141275e+01
9.251549e-17	1.140738e+01
8.944888e-17	1.140201e+01
8.647663e-17	1.139667e+01
8.359608e-17	1.139134e+01
8.080462e-17	1.138603e+01
7.809973e-17	1.138074e+01
7.547894e-17	1.137547e+01
7.293984e-17	1.137022e+01
7.048010e-17	1.136498e+01
6.809744e-17	1.135976e+01
6.578964e-17	1.135456e+01
6.355454e-17	1.134937e+01
6.139002e-17	1.134420e+01
5.929405e-17	1.133905e+01
5.726461e-17	1.133392e+01
5.529978e-17	1.132881e+01
5.339765e-17	1.132371e+01
5.155639e-17	1.131863e+01
4.977420e-17	1.131356e+01
4.804934e-17	1.130852e+01
4.638011e-17	1.130349e+01
4.476485e-17	1.129847e+01
4.320197e-17	1.129348e+01
4.168988e-17	1.128850e+01
4.022708e-17	1.128354e+01
3.881209e-17	1.127859e+01
3.744345e-17	1.127367e+01
3.611978e-17	1.126876e+01
3.483971e-17	1.126386e+01
3.360191e-17	1.125898e+01
3.240510e-17	1.125412e+01
3.124802e-17	1.124928e+01
3.012946e-17	1.124445e+01
2.904823e-17	1.123964e+01
2.800319e-17	1.123485e+01
2.699321e-17	1.123007e+01
2.601721e-17	1.122531e+01
2.507413e-17	1.122056e+01
2.416296e-17	1.121583e+01
2.328268e-17	1.121112e+01
2.243233e-17	1.120642e+01
2.161097e-17	1.120175e+01
2.081769e-17	1.119708e+01
2.005160e-17	1.119243e+01
1.931184e-17	1.118780e+01
1.859757e-17	1.118319e+01
1.790797e-17	1.117859e+01
1.724227e-17	1.117400e+01
1.659969e-17	1.116944e+01
1.597948e-17	1.116488e+01
1.538094e-17	1.116035e+01
1.480336e-17	1.115583e+01
1.424605e-17	1.115132e+01
1.370836e-17	1.114683e+01
1.318965e-17	1.114236e+01
1.268930e-17	1.113790e+01
1.220670e-17	1.113346e+01
1.174128e-17	1.112904e+01
1.129246e-17	1.112462e+01
1.119053e-17	1.112023e+01
1.113962e-17	1.111585e+01
1.108896e-17	1.111149e+01
1.103853e-17	1.110714e+01
1.098834e-17	1.110280e+01
1.093838e-17	1.109848e+01
1.088866e-17	1.109418e+01
1.083917e-17	1.108989e+01
1.078991e-17	1.108562e+01
1.074088e-17	1.108136e+01
1.069208e-17	1.107712e+01
1.064351e-17	1.107289e+01
1.059517e-17	1.106868e+01
1.054707e-17	1.106452e+01
1.049918e-17	1.106034e+01
1.045151e-17	1.105618e+01
1.040406e-17	1.105202e+01
1.035683e-17	1.104787e+01
1.030983e-17	1.104374e+01
1.026304e-17	1.103962e+01
1.021647e-17	1.103552e+01
1.017012e-17	1.103145e+01
1.012399e-17	1.102739e+01
1.007808e-17	1.102335e+01
1.003238e-17	1.101933e+01
9.986903e-18	1.101534e+01
9.941624e-18	1.101133e+01
9.896554e-18	1.100733e+01
9.851691e-18	1.100334e+01
9.807037e-18	1.099936e+01
9.762591e-18	1.099540e+01
9.718352e-18	1.099145e+01
9.674322e-18	1.098752e+01
9.630498e-18	1.098361e+01
9.586879e-18	1.097971e+01
9.543464e-18	1.097583e+01
9.500251e-18	1.097197e+01
9.457241e-18	1.096812e+01
9.414431e-18	1.096429e+01
9.371820e-18	1.096047e+01
9.329409e-18	1.095667e+01
9.287195e-18	1.095288e+01
9.245178e-18	1.094910e+01
9.203357e-18	1.094535e+01
9.161730e-18	1.094160e+01
9.120298e-18	1.093787e+01
9.079056e-18	1.093415e+01
9.038004e-18	1.093045e+01
8.997143e-18	1.092675e+01
8.956471e-18	1.092306e+01
8.915987e-18	1.091939e+01
8.875691e-18	1.091573e+01
8.835581e-18	1.091208e+01
8.795658e-18	1.090845e+01
8.755919e-18	1.090483e+01
8.716365e-18	1.090122e+01
8.676994e-18	1.089762e+01
8.637805e-18	1.089404e+01
8.598799e-18	1.089047e+01
8.559973e-18	1.088691e+01
8.521326e-18	1.088337e+01
8.482859e-18	1.087984e+01
8.444571e-18	1.087632e+01
8.406459e-18	1.087281e+01
8.368524e-18	1.086932e+01
8.330764e-18	1.086584e+01
8.293180e-18	1.086237e+01
8.255769e-18	1.085892e+01
8.218532e-18	1.085548e+01
8.181467e-18	1.085205e+01
8.144573e-18	1.084863e+01
8.107850e-18	1.084523e+01
8.071297e-18	1.084184e+01
8.034912e-18	1.083846e+01
7.998696e-18	1.083509e+01
7.962648e-18	1.083174e+01
7.926766e-18	1.082839e+01
7.891050e-18	1.082507e+01
7.855499e-18	1.082175e+01
7.820112e-18	1.081844e+01
7.784888e-18	1.081515e+01
7.749831e-18	1.081188e+01
7.714934e-18	1.080861e+01
7.680198e-18	1.080536e+01
7.645621e-18	1.080212e+01
7.611205e-18	1.079889e+01
7.576947e-18	1.079568e+01
7.542847e-18	1.079247e+01
7.508904e-18	1.078928e+01
7.475117e-18	1.078609e+01
7.441486e-18	1.078292e+01
7.408011e-18	1.077976e+01
7.374689e-18	1.077662e+01
7.341521e-18	1.077348e+01
7.308506e-18	1.077036e+01
7.275643e-18	1.076725e+01
7.242932e-18	1.076415e+01
7.210371e-18	1.076106e+01
7.177960e-18	1.075798e+01
7.145698e-18	1.075491e+01
7.113585e-18	1.075186e+01
7.081619e-18	1.074882e+01
7.049801e-18	1.074578e+01
7.018129e-18	1.074277e+01
6.986603e-18	1.073976e+01
6.955222e-18	1.073676e+01
6.923985e-18	1.073377e+01
6.892892e-18	1.073080e+01
6.861941e-18	1.072784e+01
6.831133e-18	1.072488e+01
6.800467e-18	1.072194e+01
6.769942e-18	1.071901e+01
6.739556e-18	1.071609e+01
6.709311e-18	1.071318e+01
6.679204e-18	1.071029e+01
6.649235e-18	1.070740e+01
6.619405e-18	1.070453e+01
6.589711e-18	1.070166e+01
6.560153e-18	1.069881e+01
6.530731e-18	1.069597e+01
6.501444e-18	1.069313e+01
6.472292e-18	1.069031e+01
6.443273e-18	1.068750e+01
6.414387e-18	1.068470e+01
6.385634e-18	1.068192e+01
6.357012e-18	1.067914e+01
6.328522e-18	1.067637e+01
6.300162e-18	1.067361e+01
6.271933e-18	1.067086e+01
6.243832e-18	1.066813e+01
6.215861e-18	1.066540e+01
6.188017e-18	1.066269e+01
6.160301e-18	1.065998e+01
6.132712e-18	1.065729e+01
6.105249e-18	1.065460e+01
6.077912e-18	1.065193e+01
6.050701e-18	1.064927e+01
6.023613e-18	1.064661e+01
5.996650e-18	1.064397e+01
5.969810e-18	1.064134e+01
5.943093e-18	1.063871e+01
5.916497e-18	1.063610e+01
5.890024e-18	1.063350e+01
5.863671e-18	1.063090e+01
5.837440e-18	1.062832e+01
5.811327e-18	1.062575e+01
5.785335e-18	1.062318e+01
5.759461e-18	1.062063e+01
5.733705e-18	1.061809e+01
5.708067e-18	1.061556e+01
5.682546e-18	1.061303e+01
5.657141e-18	1.061052e+01
5.631853e-18	1.060801e+01
5.606680e-18	1.060552e+01
5.581622e-18	1.060303e+01
5.556678e-18	1.060056e+01
5.531848e-18	1.059809e+01
5.507131e-18	1.059563e+01
5.482527e-18	1.059319e+01
5.458036e-18	1.059075e+01
5.433656e-18	1.058832e+01
5.409387e-18	1.058590e+01
5.385229e-18	1.058349e+01
5.361181e-18	1.058109e+01
5.337242e-18	1.057870e+01
5.313413e-18	1.057632e+01
5.289692e-18	1.057395e+01
5.266079e-18	1.057159e+01
5.242574e-18	1.056924e+01
5.219176e-18	1.056689e+01
5.195884e-18	1.056456e+01
5.172699e-18	1.056223e+01
5.149618e-18	1.055991e+01
5.126644e-18	1.055760e+01
5.103773e-18	1.055531e+01
5.081007e-18	1.055302e+01
5.058344e-18	1.055073e+01
5.035784e-18	1.054846e+01
5.013327e-18	1.054620e+01
4.990972e-18	1.054394e+01
4.968719e-18	1.054170e+01
4.944990e-18	1.053274e+01
4.922951e-18	1.053054e+01
