2.000000	0.030138   log
-7.85145753e+02
-7.32473738e+02
-6.83323675e+02
-6.37459425e+02
-5.94660674e+02
-5.54721880e+02
-5.17451279e+02
-4.82669961e+02
-4.50211009e+02
-4.19918694e+02
-3.91647726e+02
-3.65262554e+02
-3.40636712e+02
-3.17652210e+02
-2.96198965e+02
-2.76174273e+02
-2.57482311e+02
-2.40033680e+02
-2.23744969e+02
-2.08538356e+02
-1.94341234e+02
-1.81085859e+02
-1.68709028e+02
-1.57151767e+02
-1.46359055e+02
-1.36279556e+02
-1.26865370e+02
-1.18071805e+02
-1.09857162e+02
-1.02182531e+02
-9.50116104e+01
-8.83105260e+01
-8.20476718e+01
-7.61935578e+01
-7.07206679e+01
-6.56033290e+01
-6.08175874e+01
-5.63410949e+01
-5.21530022e+01
-4.82338599e+01
-4.45655258e+01
-4.11310801e+01
-3.79147451e+01
-3.49018122e+01
-3.20785734e+01
-2.94322582e+01
-2.69509758e+01
-2.46236620e+01
-2.24400305e+01
-2.03905283e+01
-1.84662966e+01
-1.66591344e+01
-1.49614680e+01
-1.33663229e+01
-1.18673019e+01
-1.04585657e+01
-9.13481987e+00
-7.89130492e+00
-6.72379244e+00
-5.62858616e+00
