100.000000	100.000000
-7.85145753e+02
-3.91966391e+02
-2.60549096e+02
-1.94661479e+02
-1.55019746e+02
-1.28517741e+02
-1.09533721e+02
-9.52544402e+01
-8.41156754e+01
-7.51781118e+01
-6.78435083e+01
-6.17127079e+01
-5.65091436e+01
-5.20351050e+01
-4.81454856e+01
-4.47313664e+01
-4.17093883e+01
-3.90146634e+01
-3.65959226e+01
-3.44121173e+01
-3.24299906e+01
-3.06223102e+01
-2.89665615e+01
-2.74439672e+01
-2.60387416e+01
-2.47375166e+01
-2.35288955e+01
-2.24031018e+01
-2.13517007e+01
-2.03673759e+01
-1.94437503e+01
-1.85752393e+01
-1.77569313e+01
-1.69844891e+01
-1.62540679e+01
-1.55622477e+01
-1.49059754e+01
-1.42825175e+01
-1.36894184e+01
-1.31244667e+01
-1.25856651e+01
-1.20712048e+01
-1.15794443e+01
-1.11088899e+01
-1.06581797e+01
-1.02260692e+01
-9.81141895e+00
-9.41318353e+00
-9.03040219e+00
-8.66219029e+00
-8.30773196e+00
-7.96627347e+00
-7.63711743e+00
-7.31961761e+00
-7.01317428e+00
-6.71723013e+00
-6.43126653e+00
-6.15480027e+00
-5.88738051e+00
-5.62858616e+00
